{"@class":"BaseScene","id":{"uuid":"60209E53-94E2-4396-B20D-5C48E549FFB8"},"name":"Level","nodes":[{"@class":"BaseNode","object3D":{"@class":"BaseObject3D","id":{"uuid":"4F89AA5F-7547-454D-99A4-21EBF4FE1DE8"},"name":"UserRootObject","enabled":true,"visible":true,"hitVisible":true,"transform":{"@class":"BaseComponentTransformable","localTransforms":{"values":[1.0,0.0,0.0,0.0,0.0,1.0,0.0,0.0,0.0,0.0,1.0,0.0,0.0,0.0,0.0,1.0]}},"metadata":{"importedIdentifier":"","importedName":"","isBone":false}},"children":["AA103623-F4AF-44FC-93DE-ECDF16421CDC","E44B9F2F-4775-4A42-A754-A9ABC9AD4675","FF7486F2-41B4-4458-9E88-288D761E1465","356FB6E2-F3C6-4206-9135-902F99551F33","60D1AFC0-909A-4D28-BCDC-822AB1AB7411","D0166674-8DC9-4C6B-A6EC-CE4DE4809D81","F1FFB4AF-70EA-4390-AD2B-C47052DC04CB","7DDDDE73-AAF2-4FE8-99D0-14953E239ED4","FA2FC5B4-DEBD-4A75-B048-667643E13050","74F24EB8-6F99-465E-A015-30AC4A22AC92","26B9C79E-E2D5-4A93-BDDC-BBB3F1BD17A2","BC8DF73D-2327-473C-9BB2-F85975031632","27AC43BD-7C66-4C18-AA09-11A37A6B29A8","5C3A4088-AC76-4ADD-A6D7-DFDF5F87A234","83C4A86A-F183-47FB-8732-17F18F84DD9F","5A2F6D8E-6812-43F1-AB5C-DA8DCB9E7E1F","F263CC0E-7DA5-46F3-8EB3-DD8BE65759CF","B6A3C597-EFBE-4B1D-A9D4-85B1DAE76916","384F5986-46E2-43E8-BAA9-799301477774","EAC56A22-E0A5-41C4-BFC5-230B341B9725","84307BCF-28C8-4B1F-8770-F78A940F851D","1FA86771-6328-477D-9CB5-3C09039A2A09","4A74A23A-2637-4219-8176-8AB5CBB8A2CA","C71787B0-F040-4B86-8758-963084CDA01C","DA8C8587-C3AA-4568-9BD8-E3842E26766D","FECFC2C1-EA4A-4809-AB37-AC46694410D1","FC6B33D9-880C-4C70-B77C-03D00C562242","EFC18B6F-A7DF-4002-946A-0D2F1F7A1C7E"]},{"@class":"BaseNode","object3D":{"@class":"BaseObject3D","id":{"uuid":"AA103623-F4AF-44FC-93DE-ECDF16421CDC"},"name":"MainCharacter","enabled":true,"visible":true,"hitVisible":true,"spawner":{"@class":"BaseComponentSpawner","characterScriptId":{"uuid":"61D551E4-105B-4A0C-92AC-0899C729E325"}},"transform":{"@class":"BaseComponentTransformable","localTransforms":{"values":[1.0,-1.5099580252808665e-7,8.742277657347587e-8,0.0,1.5099580252808665e-7,1.0,-1.5099580252808665e-7,0.0,-8.742274815176646e-8,1.5099580252808665e-7,1.0,0.0,-91.52058410644533,17.50239944458008,0.0,1.0]}},"metadata":{"importedIdentifier":"","importedName":"","isBone":false}},"children":[]},{"@class":"BaseNode","object3D":{"@class":"BaseObject3D","id":{"uuid":"E44B9F2F-4775-4A42-A754-A9ABC9AD4675"},"name":"Animations","enabled":true,"visible":true,"hitVisible":true,"transform":{"@class":"BaseComponentTransformable","localTransforms":{"values":[1.0,0.0,0.0,0.0,0.0,1.0,0.0,0.0,0.0,0.0,1.0,0.0,0.0,0.0,0.0,1.0]}},"metadata":{"importedIdentifier":"","importedName":"","isBone":false}},"children":["8566B2B5-B16A-4EA3-A0A4-ED733E8EEBED"]},{"@class":"BaseNode","object3D":{"@class":"BaseObject3D","id":{"uuid":"8566B2B5-B16A-4EA3-A0A4-ED733E8EEBED"},"name":"BG_Wind","enabled":true,"visible":true,"hitVisible":true,"timeline":{"@class":"BaseComponentTimeline","timelineId":{"uuid":"2C8283E6-6961-48AF-B90A-8E1CF3FD5B72"}},"transform":{"@class":"BaseComponentTransformable","localTransforms":{"values":[1.0,0.0,0.0,0.0,0.0,1.0,0.0,0.0,0.0,0.0,1.0,0.0,0.0,0.0,0.0,1.0]}},"metadata":{"importedIdentifier":"","importedName":"","isBone":false}},"children":[]},{"@class":"BaseNode","object3D":{"@class":"BaseObject3D","id":{"uuid":"FF7486F2-41B4-4458-9E88-288D761E1465"},"name":"PlantLight","enabled":true,"visible":true,"hitVisible":true,"transform":{"@class":"BaseComponentTransformable","localTransforms":{"values":[1.0,0.0,0.0,0.0,0.0,1.0,0.0,0.0,0.0,0.0,1.0,0.0,-37.35718536376953,-8.915115356445313,1.0556154251098633,1.0]}},"metadata":{"importedIdentifier":"","importedName":"","isBone":false}},"children":["ECC70EF1-BEF9-4D06-8A35-58E5E8EB2C1E","703E0D86-A861-4FBC-BBE2-72A0ABAB1BC6","9D32F1CB-414C-421A-9F76-252C2C965D8A","D235B584-6C32-404C-A9DE-B1A38C8F6ED2","8028B0C2-FF33-460A-B286-FCC285F9064B","30117FDC-6069-48F8-A4F0-931896EFD7E9","348C90DD-9B8C-4457-9AC3-CDBC8D2F943D","AD7D0BAD-D180-4113-A536-1EA6AE0F7262"]},{"@class":"BaseNode","object3D":{"@class":"BaseObject3D","id":{"uuid":"ECC70EF1-BEF9-4D06-8A35-58E5E8EB2C1E"},"name":"Point light","enabled":false,"visible":true,"hitVisible":true,"light":{"@class":"BaseComponentLight","lightId":{"uuid":"F908998E-4C1C-42CB-BB68-902EF4A37AAA"}},"transform":{"@class":"BaseComponentTransformable","localTransforms":{"values":[1.0,0.0,0.0,0.0,0.0,1.0,0.0,0.0,0.0,0.0,1.0,0.0,0.0,0.0,0.0,1.0]}},"metadata":{"importedIdentifier":"","importedName":"","isBone":false}},"children":[]},{"@class":"BaseNode","object3D":{"@class":"BaseObject3D","id":{"uuid":"703E0D86-A861-4FBC-BBE2-72A0ABAB1BC6"},"name":"Point light","enabled":false,"visible":true,"hitVisible":true,"light":{"@class":"BaseComponentLight","lightId":{"uuid":"60502869-C65E-4EAE-99AA-B5A066CC1E47"}},"transform":{"@class":"BaseComponentTransformable","localTransforms":{"values":[1.0,0.0,0.0,0.0,0.0,1.0,0.0,0.0,0.0,0.0,1.0,0.0,-11.427314758300782,0.0,0.0,1.0]}},"metadata":{"importedIdentifier":"","importedName":"","isBone":false}},"children":[]},{"@class":"BaseNode","object3D":{"@class":"BaseObject3D","id":{"uuid":"9D32F1CB-414C-421A-9F76-252C2C965D8A"},"name":"Point light","enabled":false,"visible":true,"hitVisible":true,"light":{"@class":"BaseComponentLight","lightId":{"uuid":"B3B9C5CD-C9A9-4FBC-98AE-4987D5047854"}},"transform":{"@class":"BaseComponentTransformable","localTransforms":{"values":[1.0,0.0,0.0,0.0,0.0,1.0,0.0,0.0,0.0,0.0,1.0,0.0,-6.314643859863281,-8.46609878540039,-7.586589813232422,1.0]}},"metadata":{"importedIdentifier":"","importedName":"","isBone":false}},"children":[]},{"@class":"BaseNode","object3D":{"@class":"BaseObject3D","id":{"uuid":"D235B584-6C32-404C-A9DE-B1A38C8F6ED2"},"name":"Point light","enabled":false,"visible":true,"hitVisible":true,"light":{"@class":"BaseComponentLight","lightId":{"uuid":"AE61997D-94F1-435D-8AB8-4473B2D859A2"}},"transform":{"@class":"BaseComponentTransformable","localTransforms":{"values":[1.0,0.0,0.0,0.0,0.0,1.0,0.0,0.0,0.0,0.0,1.0,0.0,-49.54710388183594,-7.647144317626953,-2.979054927825928,1.0]}},"metadata":{"importedIdentifier":"","importedName":"","isBone":false}},"children":[]},{"@class":"BaseNode","object3D":{"@class":"BaseObject3D","id":{"uuid":"8028B0C2-FF33-460A-B286-FCC285F9064B"},"name":"DM_Engine_00_00.fbx_RootNode","enabled":true,"visible":true,"hitVisible":true,"transform":{"@class":"BaseComponentTransformable","localTransforms":{"values":[1.0,0.0,0.0,0.0,0.0,1.0,0.0,0.0,0.0,0.0,1.0,0.0,0.0,0.0,0.0,1.0]}},"metadata":{"importedIdentifier":"","importedName":"","isBone":false}},"children":[]},{"@class":"BaseNode","object3D":{"@class":"BaseObject3D","id":{"uuid":"30117FDC-6069-48F8-A4F0-931896EFD7E9"},"name":"Point light","enabled":false,"visible":true,"hitVisible":true,"light":{"@class":"BaseComponentLight","lightId":{"uuid":"0A44C871-006E-4787-B345-066536F71C63"}},"transform":{"@class":"BaseComponentTransformable","localTransforms":{"values":[1.0,0.0,0.0,0.0,0.0,1.0,0.0,0.0,0.0,0.0,1.0,0.0,-22.66196060180664,-5.319123268127441,-7.586589813232422,1.0]}},"metadata":{"importedIdentifier":"","importedName":"","isBone":false}},"children":[]},{"@class":"BaseNode","object3D":{"@class":"BaseObject3D","id":{"uuid":"348C90DD-9B8C-4457-9AC3-CDBC8D2F943D"},"name":"Point light","enabled":false,"visible":true,"hitVisible":true,"light":{"@class":"BaseComponentLight","lightId":{"uuid":"6BBF6063-7AE1-4CE4-AF92-810038F5EDE3"}},"transform":{"@class":"BaseComponentTransformable","localTransforms":{"values":[1.0,0.0,0.0,0.0,0.0,1.0,0.0,0.0,0.0,0.0,1.0,0.0,-22.208316802978517,-3.2333221435546877,-15.925958633422852,1.0]}},"metadata":{"importedIdentifier":"","importedName":"","isBone":false}},"children":[]},{"@class":"BaseNode","object3D":{"@class":"BaseObject3D","id":{"uuid":"AD7D0BAD-D180-4113-A536-1EA6AE0F7262"},"name":"Point light","enabled":false,"visible":true,"hitVisible":true,"light":{"@class":"BaseComponentLight","lightId":{"uuid":"B08045D2-1EE8-4197-A37D-B4B17708C080"}},"transform":{"@class":"BaseComponentTransformable","localTransforms":{"values":[1.0,0.0,0.0,0.0,0.0,1.0,0.0,0.0,0.0,0.0,1.0,0.0,-23.22013473510743,-12.963165283203124,-1.0556154251098633,1.0]}},"metadata":{"importedIdentifier":"","importedName":"","isBone":false}},"children":[]},{"@class":"BaseNode","object3D":{"@class":"BaseObject3D","id":{"uuid":"356FB6E2-F3C6-4206-9135-902F99551F33"},"name":"Collisions","enabled":true,"visible":true,"hitVisible":true,"transform":{"@class":"BaseComponentTransformable","localTransforms":{"values":[1.0,0.0,0.0,0.0,0.0,1.0,0.0,0.0,0.0,0.0,1.0,0.0,2.0,3.0,0.0,1.0]}},"metadata":{"importedIdentifier":"","importedName":"","isBone":false}},"children":[]},{"@class":"BaseNode","object3D":{"@class":"BaseObject3D","id":{"uuid":"60D1AFC0-909A-4D28-BCDC-822AB1AB7411"},"name":"Sound","enabled":true,"visible":true,"hitVisible":true,"transform":{"@class":"BaseComponentTransformable","localTransforms":{"values":[1.0,0.0,0.0,0.0,0.0,1.0,0.0,0.0,0.0,0.0,1.0,0.0,0.0,0.0,0.0,1.0]}},"metadata":{"importedIdentifier":"","importedName":"","isBone":false}},"children":["15115CDA-E51A-43EA-B5E4-D4A9BDA02217"]},{"@class":"BaseNode","object3D":{"@class":"BaseObject3D","id":{"uuid":"15115CDA-E51A-43EA-B5E4-D4A9BDA02217"},"name":"Speaker","enabled":true,"visible":true,"hitVisible":true,"audio":{"@class":"BaseComponentAudioSource","audioSourceId":{"uuid":"130317EC-79E0-4F7E-95C5-FFD910DDF1C7"}},"transform":{"@class":"BaseComponentTransformable","localTransforms":{"values":[1.0,0.0,0.0,0.0,0.0,1.0,0.0,0.0,0.0,0.0,1.0,0.0,0.0,0.0,0.0,1.0]}},"metadata":{"importedIdentifier":"","importedName":"","isBone":false}},"children":[]},{"@class":"BaseNode","object3D":{"@class":"BaseObject3D","id":{"uuid":"D0166674-8DC9-4C6B-A6EC-CE4DE4809D81"},"name":"Light","enabled":true,"visible":true,"hitVisible":true,"transform":{"@class":"BaseComponentTransformable","localTransforms":{"values":[1.0,0.0,0.0,0.0,0.0,0.9702959060668944,0.2419213354587555,0.0,0.0,-0.2419213354587555,0.9702959060668944,0.0,-234.85189819335936,-1.9014906883239749,3.557310104370117,1.0]}},"metadata":{"importedIdentifier":"","importedName":"","isBone":false}},"children":["207743D7-D8D9-420F-B8A4-904917D64E75","C48AD620-B6B3-4AB9-BEBD-1FFA0A375168","CFC28196-23F3-40DB-891B-023A60932ABF","8891253E-D2B1-43C0-AEF5-A09A7F1A8643","27092FDB-D2EF-4594-9155-B9706A66B5F4","A96303D4-82D8-4364-93D5-8E99AC290D2F","220E12B9-D5C7-41E7-AB4F-C7A815F62749","0F168518-B860-447E-9E54-A1B0EC8874A5","8726906A-787B-49F8-B39A-2D5369E6E793","73FCD0E2-E91C-49EA-9FB7-CAB0DAFADF6B","88577300-B0AC-4BC6-86C7-6919F120974B","1441CFDC-730E-4C73-8A29-FEB0446FD8A0","83D42DE9-24EA-4E03-8923-4340C8D5E175","82FADFDB-5F71-424A-95E7-7A3FEEF8F2A8","EC25049C-D395-4726-936E-3C90790A8DF9"]},{"@class":"BaseNode","object3D":{"@class":"BaseObject3D","id":{"uuid":"207743D7-D8D9-420F-B8A4-904917D64E75"},"name":"Group","enabled":true,"visible":true,"hitVisible":true,"transform":{"@class":"BaseComponentTransformable","localTransforms":{"values":[1.0,0.0,0.0,0.0,0.0,1.0,0.0,0.0,0.0,0.0,1.0,0.0,0.0,1.192092895507813e-7,9.5367431640625e-7,1.0]}},"metadata":{"importedIdentifier":"","importedName":"","isBone":false}},"children":["CAEE22F4-33F5-4594-B13E-05AFC4E3619D"]},{"@class":"BaseNode","object3D":{"@class":"BaseObject3D","id":{"uuid":"CAEE22F4-33F5-4594-B13E-05AFC4E3619D"},"name":"Spot light","enabled":false,"visible":true,"hitVisible":true,"light":{"@class":"BaseComponentLight","lightId":{"uuid":"A11E127F-41BE-4AEC-BEB6-D1F5B142A4F3"}},"transform":{"@class":"BaseComponentTransformable","localTransforms":{"values":[1.0,0.0,0.0,0.0,0.0,1.0,0.0,0.0,0.0,0.0,1.0,0.0,0.0,1.192092895507813e-7,9.5367431640625e-7,1.0]}},"metadata":{"importedIdentifier":"","importedName":"","isBone":false}},"children":[]},{"@class":"BaseNode","object3D":{"@class":"BaseObject3D","id":{"uuid":"C48AD620-B6B3-4AB9-BEBD-1FFA0A375168"},"name":"Spot light","enabled":false,"visible":true,"hitVisible":true,"light":{"@class":"BaseComponentLight","lightId":{"uuid":"5609EFD5-F781-4817-82A2-47397DBCAC40"}},"transform":{"@class":"BaseComponentTransformable","localTransforms":{"values":[1.0,0.0,0.0,0.0,0.0,1.0,0.0,0.0,0.0,0.0,1.0,0.0,0.0,0.0,0.0,1.0]}},"metadata":{"importedIdentifier":"","importedName":"","isBone":false}},"children":[]},{"@class":"BaseNode","object3D":{"@class":"BaseObject3D","id":{"uuid":"CFC28196-23F3-40DB-891B-023A60932ABF"},"name":"BridgeDoorSpot","enabled":false,"visible":true,"hitVisible":true,"light":{"@class":"BaseComponentLight","lightId":{"uuid":"939B2DC6-93E4-4385-A2E0-A01823EBD2FB"}},"transform":{"@class":"BaseComponentTransformable","localTransforms":{"values":[-0.04237884283065796,0.3165394067764282,0.9476323127746582,0.0,0.18993648886680604,-0.9286347031593324,0.31868764758110049,0.0,0.9808813333511353,0.1934955269098282,-0.02076813392341137,0.0,256.0529479980469,4.456073760986328,-5.828227996826172,1.0]}},"metadata":{"importedIdentifier":"","importedName":"","isBone":false}},"children":[]},{"@class":"BaseNode","object3D":{"@class":"BaseObject3D","id":{"uuid":"8891253E-D2B1-43C0-AEF5-A09A7F1A8643"},"name":"BridgeDoorSpot","enabled":false,"visible":true,"hitVisible":true,"light":{"@class":"BaseComponentLight","lightId":{"uuid":"AFF99C74-EF5E-489D-9F1F-99F4A6ED8ED5"}},"transform":{"@class":"BaseComponentTransformable","localTransforms":{"values":[-0.08582346886396408,-0.31252580881118777,0.9460242390632628,0.0,0.9950422048568726,-0.07477789372205734,0.0655670091509819,0.0,0.05025029182434082,0.9469614028930664,0.31739410758018496,0.0,251.740478515625,9.643458366394045,-9.59467601776123,1.0]}},"metadata":{"importedIdentifier":"","importedName":"","isBone":false}},"children":[]},{"@class":"BaseNode","object3D":{"@class":"BaseObject3D","id":{"uuid":"27092FDB-D2EF-4594-9155-B9706A66B5F4"},"name":"BridgeDoorSpot","enabled":false,"visible":true,"hitVisible":true,"light":{"@class":"BaseComponentLight","lightId":{"uuid":"2AD38149-A301-459B-AE42-2D12386113BB"}},"transform":{"@class":"BaseComponentTransformable","localTransforms":{"values":[-0.08582375943660736,-0.743667483329773,0.6630181074142456,0.0,0.9950422048568726,-0.09754332900047302,0.019393738359212877,0.0,0.05025041103363037,0.6613956093788147,0.74835205078125,0.0,273.3546447753906,13.092538833618164,-18.218412399291993,1.0]}},"metadata":{"importedIdentifier":"","importedName":"","isBone":false}},"children":[]},{"@class":"BaseNode","object3D":{"@class":"BaseObject3D","id":{"uuid":"A96303D4-82D8-4364-93D5-8E99AC290D2F"},"name":"BridgeDoorSpot","enabled":false,"visible":true,"hitVisible":true,"light":{"@class":"BaseComponentLight","lightId":{"uuid":"5F371472-FDD5-47EA-B3E7-648DF5BD333D"}},"transform":{"@class":"BaseComponentTransformable","localTransforms":{"values":[-0.0858234167098999,-0.3937881588935852,0.9151859283447266,0.0,0.9950422644615172,-0.08020811527967453,0.05880000442266464,0.0,0.05025056004524231,0.9156951904296876,0.39871957898139956,0.0,288.1507263183594,15.490478515625,-5.994802474975586,1.0]}},"metadata":{"importedIdentifier":"","importedName":"","isBone":false}},"children":[]},{"@class":"BaseNode","object3D":{"@class":"BaseObject3D","id":{"uuid":"220E12B9-D5C7-41E7-AB4F-C7A815F62749"},"name":"BridgeDoorSpot","enabled":false,"visible":true,"hitVisible":true,"light":{"@class":"BaseComponentLight","lightId":{"uuid":"6548A9CD-A8CE-455A-B207-DD032C395EF2"}},"transform":{"@class":"BaseComponentTransformable","localTransforms":{"values":[-0.08582348376512528,-0.3125259280204773,0.9460243582725524,0.0,0.9950422048568726,-0.07477819174528122,0.06556691974401474,0.0,0.0502505898475647,0.9469614028930664,0.3173941969871521,0.0,271.5285339355469,11.242562294006348,-9.16508960723877,1.0]}},"metadata":{"importedIdentifier":"","importedName":"","isBone":false}},"children":[]},{"@class":"BaseNode","object3D":{"@class":"BaseObject3D","id":{"uuid":"0F168518-B860-447E-9E54-A1B0EC8874A5"},"name":"BridgeDoorSpot","enabled":false,"visible":true,"hitVisible":true,"light":{"@class":"BaseComponentLight","lightId":{"uuid":"4162DD20-50FC-4594-81B1-04A23E5CBA8A"}},"transform":{"@class":"BaseComponentTransformable","localTransforms":{"values":[0.9513139724731444,0.30280718207359316,-0.05752892419695854,0.0,-0.22463248670101169,0.5533289909362793,-0.8021018505096436,0.0,-0.21104979515075684,0.7759735584259033,0.5944099426269531,0.0,225.8833160400391,26.28522682189942,-3.131749629974366,1.0]}},"metadata":{"importedIdentifier":"","importedName":"","isBone":false}},"children":[]},{"@class":"BaseNode","object3D":{"@class":"BaseObject3D","id":{"uuid":"8726906A-787B-49F8-B39A-2D5369E6E793"},"name":"Point light","enabled":false,"visible":true,"hitVisible":true,"light":{"@class":"BaseComponentLight","lightId":{"uuid":"02F44256-F288-4155-B173-032A37A9320C"}},"transform":{"@class":"BaseComponentTransformable","localTransforms":{"values":[1.0,0.0,0.0,0.0,0.0,1.0,0.0,0.0,0.0,0.0,1.0,0.0,0.7744903564453125,-0.9973847270011902,0.2486703395843506,1.0]}},"metadata":{"importedIdentifier":"","importedName":"","isBone":false}},"children":[]},{"@class":"BaseNode","object3D":{"@class":"BaseObject3D","id":{"uuid":"73FCD0E2-E91C-49EA-9FB7-CAB0DAFADF6B"},"name":"TopContainerLight","enabled":false,"visible":true,"hitVisible":true,"light":{"@class":"BaseComponentLight","lightId":{"uuid":"AE3220B1-41E0-498E-BB7C-05974D23995C"}},"transform":{"@class":"BaseComponentTransformable","localTransforms":{"values":[0.058927930891513827,0.8670502305030823,0.4947240352630615,0.0,0.9961873292922974,-0.08301485329866409,0.026832694187760354,0.0,0.06433470547199249,0.49125629663467409,-0.868635892868042,0.0,107.85607147216796,18.991043090820314,-22.57549285888672,1.0]}},"metadata":{"importedIdentifier":"","importedName":"","isBone":false}},"children":[]},{"@class":"BaseNode","object3D":{"@class":"BaseObject3D","id":{"uuid":"88577300-B0AC-4BC6-86C7-6919F120974B"},"name":"Spot light","enabled":false,"visible":true,"hitVisible":true,"light":{"@class":"BaseComponentLight","lightId":{"uuid":"99BCD285-0B5D-42BD-9B17-417F37CFF79D"}},"transform":{"@class":"BaseComponentTransformable","localTransforms":{"values":[-0.3989798426628113,0.8670501112937927,0.2983949482440949,0.0,0.4748557209968567,-0.08301468193531037,0.8761398792266846,0.0,0.7844280004501343,0.4912564754486084,-0.37860244512557986,0.0,228.6998291015625,43.89181137084961,-414.5377197265625,1.0]}},"metadata":{"importedIdentifier":"","importedName":"","isBone":false}},"children":[]},{"@class":"BaseNode","object3D":{"@class":"BaseObject3D","id":{"uuid":"1441CFDC-730E-4C73-8A29-FEB0446FD8A0"},"name":"ContainerLight","enabled":false,"visible":true,"hitVisible":true,"light":{"@class":"BaseComponentLight","lightId":{"uuid":"C09F600C-E746-454A-AB2D-050B29F33B25"}},"transform":{"@class":"BaseComponentTransformable","localTransforms":{"values":[0.9396926164627076,-2.9802322387695329e-8,-0.3420202136039734,0.0,-0.3047421276569367,0.45399147272109988,-0.837272047996521,0.0,0.1552742570638657,0.8910062313079834,0.4266123771667481,0.0,100.83995056152344,28.0617904663086,14.047028541564942,1.0]}},"metadata":{"importedIdentifier":"","importedName":"","isBone":false}},"children":[]},{"@class":"BaseNode","object3D":{"@class":"BaseObject3D","id":{"uuid":"83D42DE9-24EA-4E03-8923-4340C8D5E175"},"name":"Pyramid","enabled":false,"visible":true,"hitVisible":true,"light":{"@class":"BaseComponentLight","lightId":{"uuid":"FB87B7A4-4238-454B-A60E-57E23320BE18"}},"transform":{"@class":"BaseComponentTransformable","localTransforms":{"values":[-1.0,1.1284591039384396e-9,-1.7136969177045109e-7,0.0,-4.615124993279096e-8,0.9612615704536438,0.2756380438804627,0.0,1.6504210975654133e-7,0.27563807368278506,-0.9612616300582886,0.0,278.24334716796877,7.811182022094727,-54.725921630859378,1.0]}},"metadata":{"importedIdentifier":"","importedName":"","isBone":false}},"children":[]},{"@class":"BaseNode","object3D":{"@class":"BaseObject3D","id":{"uuid":"82FADFDB-5F71-424A-95E7-7A3FEEF8F2A8"},"name":"Pyramid","enabled":false,"visible":true,"hitVisible":true,"light":{"@class":"BaseComponentLight","lightId":{"uuid":"63329F98-3A24-45AA-841A-318CC8782235"}},"transform":{"@class":"BaseComponentTransformable","localTransforms":{"values":[1.0,0.0,0.0,0.0,0.0,0.7193402647972107,-0.6946580410003662,0.0,0.0,0.6946580410003662,0.7193402647972107,0.0,261.7078247070313,17.52736473083496,4.924283027648926,1.0]}},"metadata":{"importedIdentifier":"","importedName":"","isBone":false}},"children":[]},{"@class":"BaseNode","object3D":{"@class":"BaseObject3D","id":{"uuid":"EC25049C-D395-4726-936E-3C90790A8DF9"},"name":"Temp","enabled":false,"visible":true,"hitVisible":true,"light":{"@class":"BaseComponentLight","lightId":{"uuid":"AA40D900-3871-4DAB-96AB-B3E11289DC34"}},"transform":{"@class":"BaseComponentTransformable","localTransforms":{"values":[1.0,0.0,-0.0,0.0,-0.0,0.9702959656715392,-0.2419213503599167,0.0,0.0,0.2419213503599167,0.9702959656715392,0.0,258.62396240234377,-3.2251033782958986,-37.117733001708987,1.0]}},"metadata":{"importedIdentifier":"","importedName":"","isBone":false}},"children":[]},{"@class":"BaseNode","object3D":{"@class":"BaseObject3D","id":{"uuid":"F1FFB4AF-70EA-4390-AD2B-C47052DC04CB"},"name":"Spot light","enabled":false,"visible":true,"hitVisible":true,"light":{"@class":"BaseComponentLight","lightId":{"uuid":"2DF29263-ED5F-40CA-8FBC-AD79E44A8AC5"}},"transform":{"@class":"BaseComponentTransformable","localTransforms":{"values":[0.9659258723258972,-0.25,-0.0669872909784317,0.0,-1.4901159417490817e-8,-0.25881922245025637,0.9659257531166076,0.0,-0.2588190138339997,-0.9330126643180848,-0.2500001788139343,0.0,-75.83242797851563,-32.36536407470703,-2.0000553131103517,1.0]}},"metadata":{"importedIdentifier":"","importedName":"","isBone":false}},"children":[]},{"@class":"BaseNode","object3D":{"@class":"BaseObject3D","id":{"uuid":"7DDDDE73-AAF2-4FE8-99D0-14953E239ED4"},"name":"Spot light","enabled":false,"visible":true,"hitVisible":true,"light":{"@class":"BaseComponentLight","lightId":{"uuid":"C01631E1-BCD4-4863-9868-8843D6539F8A"}},"transform":{"@class":"BaseComponentTransformable","localTransforms":{"values":[0.965925931930542,3.1836311364941148e-8,0.258819043636322,0.0,-1.4331398290323705e-8,1.0,-6.952053865916241e-8,0.0,-0.258819043636322,6.344244951606015e-8,0.965925931930542,0.0,-76.4055404663086,-16.151020050048829,13.707616806030274,1.0]}},"metadata":{"importedIdentifier":"","importedName":"","isBone":false}},"children":[]},{"@class":"BaseNode","object3D":{"@class":"BaseObject3D","id":{"uuid":"FA2FC5B4-DEBD-4A75-B048-667643E13050"},"name":"Spot light","enabled":false,"visible":true,"hitVisible":true,"light":{"@class":"BaseComponentLight","lightId":{"uuid":"BDCEAF00-C611-4656-BB88-7E487494C158"}},"transform":{"@class":"BaseComponentTransformable","localTransforms":{"values":[-0.6427876353263855,3.183630781222746e-8,0.7660444378852844,0.0,6.906371652348754e-8,1.0,1.639198465852587e-8,0.0,-0.7660444378852844,6.344243530520545e-8,-0.6427876353263855,0.0,-76.21485137939453,-13.206940650939942,-17.55184745788575,1.0]}},"metadata":{"importedIdentifier":"","importedName":"","isBone":false}},"children":[]},{"@class":"BaseNode","object3D":{"@class":"BaseObject3D","id":{"uuid":"74F24EB8-6F99-465E-A015-30AC4A22AC92"},"name":"Group","enabled":true,"visible":true,"hitVisible":true,"transform":{"@class":"BaseComponentTransformable","localTransforms":{"values":[1.999999761581421,0.0,0.0,0.0,0.0,2.0,0.0,0.0,0.0,0.0,1.999999523162842,0.0,-189.0680694580078,-6.797329902648926,-49.49078369140625,1.0]}},"metadata":{"importedIdentifier":"","importedName":"","isBone":false}},"children":["A1B4B1E5-B648-4A52-A389-BA3A7A5AFFBF"]},{"@class":"BaseNode","object3D":{"@class":"BaseObject3D","id":{"uuid":"A1B4B1E5-B648-4A52-A389-BA3A7A5AFFBF"},"name":"Enemy","enabled":true,"visible":true,"hitVisible":true,"geometry":{"@class":"BaseComponentGeometry","meshId":{"uuid":"D7A525CF-7451-46F3-9C44-E0BD6B698E8F"},"static":true},"material":{"@class":"BaseComponentMaterial","materialId":{"uuid":"0BCF1764-A21E-4043-9EAF-EC9E47D543A0"},"mapsStates":0},"transform":{"@class":"BaseComponentTransformable","localTransforms":{"values":[1.0,0.0,0.0,0.0,0.0,1.0,0.0,0.0,0.0,0.0,1.0,0.0,0.0,0.0,0.0,1.0]}},"metadata":{"importedIdentifier":"","importedName":"","isBone":false}},"children":[]},{"@class":"BaseNode","object3D":{"@class":"BaseObject3D","id":{"uuid":"26B9C79E-E2D5-4A93-BDDC-BBB3F1BD17A2"},"name":"Level_01","enabled":true,"visible":true,"hitVisible":false,"transform":{"@class":"BaseComponentTransformable","localTransforms":{"values":[1.0,0.0,0.0,0.0,0.0,1.0,0.0,0.0,0.0,0.0,1.0,0.0,0.0,0.0,0.0,1.0]}},"metadata":{"importedIdentifier":"","importedName":"","isBone":false}},"children":["ECC38BB4-6240-46EC-AACC-ECBFF0E0A553","02D92903-1777-48AA-8ECF-B482BBE03D73","5DDD12E0-B41A-480B-BCC8-C47DBE463C4E","53968E72-ADB6-4409-B5F1-68C8C5364590","8CAF06C3-161C-4FA6-AA49-9E1FFCC0EC05","37115C22-920A-4460-B055-94951CAD286C","F52FA6A8-6397-4E4E-A38D-384878DD74AE","7FF0FEA0-AC6C-4986-9AD9-2287800FEABB","FC3A9518-E1B6-4236-BB21-47F66F219623","4500C56F-8D53-4748-865A-1242B2C28EA5","22C06FFC-7717-4FAA-9DD8-5FC9052D7F88","73077819-3648-4B3B-AD4C-C7AB4DD9CC6F","61CEBAF4-6C64-4BC6-BBE5-4FB130F64619","4EED021C-AADF-433C-82F7-8D844EBB4B83","AA1B8DE6-2ED4-4A5E-A25C-2BFD6856D812","D7DDA944-C59C-40C4-BFA3-849D2DE6408C","C3B4515C-900C-4823-A948-BC97E0A0C138","791A2C5F-64E0-4E30-9136-76755707A8B5","122D8F58-661B-4380-AC0E-24E7683C29E4","DAF736AD-F7C2-4EFD-9E2C-695F559C2023","918A37F2-04E2-4E44-A0CE-CEA9EB04CC79","67C28AB6-DA32-4032-8480-9FAC37303F6F","C8A0023F-84CA-4BDD-BE49-FE5C1A9599D9","44A1BEA7-DC58-40B9-A306-0302166864C6","9D4CE0DA-707D-46AF-A11F-71CF34DDC787","A1D6F832-0AD2-4818-AF3E-7CF124F1CDE5"]},{"@class":"BaseNode","object3D":{"@class":"BaseObject3D","id":{"uuid":"ECC38BB4-6240-46EC-AACC-ECBFF0E0A553"},"name":"DM","enabled":true,"visible":true,"hitVisible":true,"transform":{"@class":"BaseComponentTransformable","localTransforms":{"values":[1.0,0.0,0.0,0.0,0.0,1.0,0.0,0.0,0.0,0.0,1.0,0.0,0.0,0.0,0.0,1.0]}},"metadata":{"importedIdentifier":"","importedName":"","isBone":false}},"children":["F3ED5AA7-C9DB-4A23-AEC7-9E1CCD192F23","708EFD9D-7A06-498E-B54A-657A2BE2605B","7317C504-0AD0-4685-B6D0-1D8668F54D0C"]},{"@class":"BaseNode","object3D":{"@class":"BaseObject3D","id":{"uuid":"F3ED5AA7-C9DB-4A23-AEC7-9E1CCD192F23"},"name":"CrateBox_00","enabled":true,"visible":true,"hitVisible":true,"transform":{"@class":"BaseComponentTransformable","localTransforms":{"values":[1.0,0.0,0.0,0.0,0.0,1.0,0.0,0.0,0.0,0.0,1.0,0.0,-43.47161483764649,-16.17012596130371,0.3022240400314331,1.0]}},"metadata":{"importedIdentifier":"RootNode","importedName":"RootNode","isBone":false}},"asset_id":{"uuid":"CBFEFF86-D1C2-4B4C-B3A0-DDBAC0150151"},"is_asset_root":true,"children":["F689885B-1824-427A-874F-3B4DE337232A"]},{"@class":"BaseNode","object3D":{"@class":"BaseObject3D","id":{"uuid":"F689885B-1824-427A-874F-3B4DE337232A"},"name":"CrateBox_00_00","enabled":true,"visible":true,"hitVisible":true,"transform":{"@class":"BaseComponentTransformable","localTransforms":{"values":[0.009999999776482582,0.0,0.0,0.0,0.0,0.009999999776482582,0.0,0.0,0.0,0.0,0.009999999776482582,0.0,0.0,0.0,0.0,1.0]}},"metadata":{"importedIdentifier":"","importedName":"","isBone":false}},"asset_id":{"uuid":"CBFEFF86-D1C2-4B4C-B3A0-DDBAC0150151"},"is_asset_root":false,"children":["CBDFF762-2589-4B67-8344-6B2C8642E1BA","2CB3830C-6C29-461C-AB5F-E72AE72BF0D6"]},{"@class":"BaseNode","object3D":{"@class":"BaseObject3D","id":{"uuid":"CBDFF762-2589-4B67-8344-6B2C8642E1BA"},"name":"CrateBox_00_00 1","enabled":true,"visible":true,"hitVisible":true,"geometry":{"@class":"BaseComponentGeometry","meshId":{"uuid":"98B9BCF0-E26E-48C4-8192-585EA11E4A42"},"static":true},"material":{"@class":"BaseComponentMaterial","materialId":{"uuid":"41A641C1-76B0-48CE-A842-EA2307FA2A4F"},"mapsStates":127},"transform":{"@class":"BaseComponentTransformable","localTransforms":{"values":[1.0,0.0,0.0,0.0,0.0,1.0,0.0,0.0,0.0,0.0,1.0,0.0,0.0,0.0,0.0,1.0]}},"metadata":{"importedIdentifier":"CrateBox_00_00","importedName":"CrateBox_00_00","isBone":false}},"asset_id":{"uuid":"CBFEFF86-D1C2-4B4C-B3A0-DDBAC0150151"},"is_asset_root":false,"children":[]},{"@class":"BaseNode","object3D":{"@class":"BaseObject3D","id":{"uuid":"2CB3830C-6C29-461C-AB5F-E72AE72BF0D6"},"name":"CrateBox_00_00 2","enabled":true,"visible":true,"hitVisible":true,"geometry":{"@class":"BaseComponentGeometry","meshId":{"uuid":"53FE2A64-40B5-4BB6-AA0F-8910E4CE7D1E"},"static":true},"material":{"@class":"BaseComponentMaterial","materialId":{"uuid":"34E0C58A-807C-414F-9AF3-84B8CCDED131"},"mapsStates":127},"transform":{"@class":"BaseComponentTransformable","localTransforms":{"values":[1.0,0.0,0.0,0.0,0.0,1.0,0.0,0.0,0.0,0.0,1.0,0.0,0.0,0.0,0.0,1.0]}},"metadata":{"importedIdentifier":"CrateBox_00_00","importedName":"CrateBox_00_00","isBone":false}},"asset_id":{"uuid":"CBFEFF86-D1C2-4B4C-B3A0-DDBAC0150151"},"is_asset_root":false,"children":[]},{"@class":"BaseNode","object3D":{"@class":"BaseObject3D","id":{"uuid":"708EFD9D-7A06-498E-B54A-657A2BE2605B"},"name":"CrateBox_00","enabled":true,"visible":true,"hitVisible":true,"transform":{"@class":"BaseComponentTransformable","localTransforms":{"values":[1.0,0.0,0.0,0.0,0.0,1.0,0.0,0.0,0.0,0.0,1.0,0.0,-43.47161483764649,-16.17012596130371,0.3022240400314331,1.0]}},"metadata":{"importedIdentifier":"RootNode","importedName":"RootNode","isBone":false}},"asset_id":{"uuid":"CBFEFF86-D1C2-4B4C-B3A0-DDBAC0150151"},"is_asset_root":true,"children":["F176A6A6-77D0-49D7-945A-F3EF09E3EC1D"]},{"@class":"BaseNode","object3D":{"@class":"BaseObject3D","id":{"uuid":"F176A6A6-77D0-49D7-945A-F3EF09E3EC1D"},"name":"CrateBox_00_00","enabled":true,"visible":true,"hitVisible":true,"transform":{"@class":"BaseComponentTransformable","localTransforms":{"values":[0.009999999776482582,0.0,0.0,0.0,0.0,0.009999999776482582,0.0,0.0,0.0,0.0,0.009999999776482582,0.0,0.0,0.0,0.0,1.0]}},"metadata":{"importedIdentifier":"","importedName":"","isBone":false}},"asset_id":{"uuid":"CBFEFF86-D1C2-4B4C-B3A0-DDBAC0150151"},"is_asset_root":false,"children":["0D43B381-68BE-4FA2-A224-D07F5012FE3A","9A4CBF20-8C1F-4B1E-8044-ACAC0577838A"]},{"@class":"BaseNode","object3D":{"@class":"BaseObject3D","id":{"uuid":"0D43B381-68BE-4FA2-A224-D07F5012FE3A"},"name":"CrateBox_00_00 1","enabled":true,"visible":true,"hitVisible":true,"geometry":{"@class":"BaseComponentGeometry","meshId":{"uuid":"98B9BCF0-E26E-48C4-8192-585EA11E4A42"},"static":true},"material":{"@class":"BaseComponentMaterial","materialId":{"uuid":"B065D079-CC94-46B7-ACE8-7D0562AFBB79"},"mapsStates":127},"transform":{"@class":"BaseComponentTransformable","localTransforms":{"values":[1.0,0.0,0.0,0.0,0.0,1.0,0.0,0.0,0.0,0.0,1.0,0.0,0.0,0.0,0.0,1.0]}},"metadata":{"importedIdentifier":"CrateBox_00_00","importedName":"CrateBox_00_00","isBone":false}},"asset_id":{"uuid":"CBFEFF86-D1C2-4B4C-B3A0-DDBAC0150151"},"is_asset_root":false,"children":[]},{"@class":"BaseNode","object3D":{"@class":"BaseObject3D","id":{"uuid":"9A4CBF20-8C1F-4B1E-8044-ACAC0577838A"},"name":"CrateBox_00_00 2","enabled":true,"visible":true,"hitVisible":true,"geometry":{"@class":"BaseComponentGeometry","meshId":{"uuid":"53FE2A64-40B5-4BB6-AA0F-8910E4CE7D1E"},"static":true},"material":{"@class":"BaseComponentMaterial","materialId":{"uuid":"21E16E53-6161-4794-BCDB-DB0139D9FAF4"},"mapsStates":127},"transform":{"@class":"BaseComponentTransformable","localTransforms":{"values":[1.0,0.0,0.0,0.0,0.0,1.0,0.0,0.0,0.0,0.0,1.0,0.0,0.0,0.0,0.0,1.0]}},"metadata":{"importedIdentifier":"CrateBox_00_00","importedName":"CrateBox_00_00","isBone":false}},"asset_id":{"uuid":"CBFEFF86-D1C2-4B4C-B3A0-DDBAC0150151"},"is_asset_root":false,"children":[]},{"@class":"BaseNode","object3D":{"@class":"BaseObject3D","id":{"uuid":"7317C504-0AD0-4685-B6D0-1D8668F54D0C"},"name":"CrateBox_00","enabled":true,"visible":true,"hitVisible":true,"transform":{"@class":"BaseComponentTransformable","localTransforms":{"values":[1.0,0.0,0.0,0.0,0.0,1.0,0.0,0.0,0.0,0.0,1.0,0.0,-57.50107192993164,-16.17012596130371,0.3022240400314331,1.0]}},"metadata":{"importedIdentifier":"RootNode","importedName":"RootNode","isBone":false}},"asset_id":{"uuid":"CBFEFF86-D1C2-4B4C-B3A0-DDBAC0150151"},"is_asset_root":true,"children":["79CF2DBC-FF15-4475-B026-905CD6F3C42C"]},{"@class":"BaseNode","object3D":{"@class":"BaseObject3D","id":{"uuid":"79CF2DBC-FF15-4475-B026-905CD6F3C42C"},"name":"CrateBox_00_00","enabled":true,"visible":true,"hitVisible":true,"transform":{"@class":"BaseComponentTransformable","localTransforms":{"values":[0.009999999776482582,0.0,0.0,0.0,0.0,0.009999999776482582,0.0,0.0,0.0,0.0,0.009999999776482582,0.0,0.0,0.0,0.0,1.0]}},"metadata":{"importedIdentifier":"","importedName":"","isBone":false}},"asset_id":{"uuid":"CBFEFF86-D1C2-4B4C-B3A0-DDBAC0150151"},"is_asset_root":false,"children":["9027ED51-364E-4178-A0C2-F2EEFA6A3F40","F1512F5C-F1B0-429F-B013-6A36D641FD49"]},{"@class":"BaseNode","object3D":{"@class":"BaseObject3D","id":{"uuid":"9027ED51-364E-4178-A0C2-F2EEFA6A3F40"},"name":"CrateBox_00_00 1","enabled":true,"visible":true,"hitVisible":true,"geometry":{"@class":"BaseComponentGeometry","meshId":{"uuid":"98B9BCF0-E26E-48C4-8192-585EA11E4A42"},"static":true},"material":{"@class":"BaseComponentMaterial","materialId":{"uuid":"3EB247E5-4373-4201-B22C-F3B0FEDE50E4"},"mapsStates":127},"transform":{"@class":"BaseComponentTransformable","localTransforms":{"values":[1.0,0.0,0.0,0.0,0.0,1.0,0.0,0.0,0.0,0.0,1.0,0.0,0.0,0.0,0.0,1.0]}},"metadata":{"importedIdentifier":"CrateBox_00_00","importedName":"CrateBox_00_00","isBone":false}},"asset_id":{"uuid":"CBFEFF86-D1C2-4B4C-B3A0-DDBAC0150151"},"is_asset_root":false,"children":[]},{"@class":"BaseNode","object3D":{"@class":"BaseObject3D","id":{"uuid":"F1512F5C-F1B0-429F-B013-6A36D641FD49"},"name":"CrateBox_00_00 2","enabled":true,"visible":true,"hitVisible":true,"geometry":{"@class":"BaseComponentGeometry","meshId":{"uuid":"53FE2A64-40B5-4BB6-AA0F-8910E4CE7D1E"},"static":true},"material":{"@class":"BaseComponentMaterial","materialId":{"uuid":"C2C7BF41-6A14-4D56-A73B-0F4D0B6EF1F8"},"mapsStates":127},"transform":{"@class":"BaseComponentTransformable","localTransforms":{"values":[1.0,0.0,0.0,0.0,0.0,1.0,0.0,0.0,0.0,0.0,1.0,0.0,0.0,0.0,0.0,1.0]}},"metadata":{"importedIdentifier":"CrateBox_00_00","importedName":"CrateBox_00_00","isBone":false}},"asset_id":{"uuid":"CBFEFF86-D1C2-4B4C-B3A0-DDBAC0150151"},"is_asset_root":false,"children":[]},{"@class":"BaseNode","object3D":{"@class":"BaseObject3D","id":{"uuid":"02D92903-1777-48AA-8ECF-B482BBE03D73"},"name":"Panels_03","enabled":true,"visible":true,"hitVisible":true,"transform":{"@class":"BaseComponentTransformable","localTransforms":{"values":[1.0,0.0,0.0,0.0,0.0,1.0,0.0,0.0,0.0,0.0,1.0,0.0,0.0,0.0,0.0,1.0]}},"metadata":{"importedIdentifier":"","importedName":"","isBone":false}},"children":["6D176F30-AE0D-4C43-9A8B-622312B9784A","C7BBAC68-D158-49C7-AAAB-ED8B6137996C","BBCA5933-6FB5-467F-96B5-6CD3A87AF5BF","E905D9CA-7B09-4463-8608-14461319FE72","A2DFF9CC-0CB1-4124-A151-8FAF23446BD3","BFAB39C4-6DB1-484F-9376-8C86C25C4FD9","043790DA-9221-4B26-9C63-63D214A7125A","B990679B-875A-46E7-8D58-44CD987D31C9","44D085EC-9B6B-413B-A888-0891CB4AEC5D","C3AF0C97-D81E-49F1-96EF-C1B27A5FB016","D503579F-8C11-4980-8D57-C79368BD9888","A9C77C6A-027B-496F-9A03-9FCF23A9448F","52AD8297-CFA9-4C13-BFC6-30CC92A27E72","B3982754-40D9-45FF-8AA1-FA3AE54364B0"]},{"@class":"BaseNode","object3D":{"@class":"BaseObject3D","id":{"uuid":"6D176F30-AE0D-4C43-9A8B-622312B9784A"},"name":"SM_RocketPanel_03_Tube_01","enabled":true,"visible":true,"hitVisible":true,"transform":{"@class":"BaseComponentTransformable","localTransforms":{"values":[-5.960463766996328e-8,1.0,0.0,0.0,-0.7071068286895752,-5.960464477539065e-8,0.7071068286895752,0.0,0.7071068286895752,0.0,0.7071068286895752,0.0,-4.172000885009766,1.165674090385437,-17.253936767578126,1.0]}},"metadata":{"importedIdentifier":"RootNode","importedName":"RootNode","isBone":false}},"asset_id":{"uuid":"294D2BC7-2F26-4041-95AD-56AE5B30B124"},"is_asset_root":true,"children":["AF70FE74-5878-4111-A0DA-70E920876B0E"]},{"@class":"BaseNode","object3D":{"@class":"BaseObject3D","id":{"uuid":"AF70FE74-5878-4111-A0DA-70E920876B0E"},"name":"RocketPanel_03_Tube_01","enabled":true,"visible":true,"hitVisible":true,"geometry":{"@class":"BaseComponentGeometry","meshId":{"uuid":"3FBC8663-15AF-44E2-88FD-415614D25A32"},"static":true},"material":{"@class":"BaseComponentMaterial","materialId":{"uuid":"1BA830E0-4E30-412B-B31E-449F6B552FF3"},"mapsStates":127},"transform":{"@class":"BaseComponentTransformable","localTransforms":{"values":[0.009999999776482582,0.0,0.0,0.0,0.0,0.009999999776482582,0.0,0.0,0.0,0.0,0.009999999776482582,0.0,0.0,0.0,0.0,1.0]}},"metadata":{"importedIdentifier":"RocketPanel_03_Tube_01","importedName":"RocketPanel_03_Tube_01","isBone":false}},"asset_id":{"uuid":"294D2BC7-2F26-4041-95AD-56AE5B30B124"},"is_asset_root":false,"children":[]},{"@class":"BaseNode","object3D":{"@class":"BaseObject3D","id":{"uuid":"C7BBAC68-D158-49C7-AAAB-ED8B6137996C"},"name":"SM_RocketPanel_03_Tube_01","enabled":true,"visible":true,"hitVisible":true,"transform":{"@class":"BaseComponentTransformable","localTransforms":{"values":[-0.036977000534534457,0.036976832896471027,0.597716748714447,0.0,-0.000778769317548722,-0.4085614979267121,0.025226857513189317,0.0,0.5988583564758301,0.001141668763011694,0.03697705641388893,0.0,-38.20611572265625,-15.399124145507813,-0.21996545791625977,1.0]}},"metadata":{"importedIdentifier":"RootNode","importedName":"RootNode","isBone":false}},"asset_id":{"uuid":"294D2BC7-2F26-4041-95AD-56AE5B30B124"},"is_asset_root":true,"children":["7AD5E624-AFCA-463A-B5C8-765D8A843525"]},{"@class":"BaseNode","object3D":{"@class":"BaseObject3D","id":{"uuid":"7AD5E624-AFCA-463A-B5C8-765D8A843525"},"name":"RocketPanel_03_Tube_01","enabled":true,"visible":true,"hitVisible":true,"geometry":{"@class":"BaseComponentGeometry","meshId":{"uuid":"3FBC8663-15AF-44E2-88FD-415614D25A32"},"static":true},"material":{"@class":"BaseComponentMaterial","materialId":{"uuid":"95DB8C35-1843-4FC4-BB34-DF04BC08C71E"},"mapsStates":127},"transform":{"@class":"BaseComponentTransformable","localTransforms":{"values":[0.009999999776482582,0.0,0.0,0.0,0.0,0.009999999776482582,0.0,0.0,0.0,0.0,0.009999999776482582,0.0,0.0,0.0,0.0,1.0]}},"metadata":{"importedIdentifier":"RocketPanel_03_Tube_01","importedName":"RocketPanel_03_Tube_01","isBone":false}},"asset_id":{"uuid":"294D2BC7-2F26-4041-95AD-56AE5B30B124"},"is_asset_root":false,"children":[]},{"@class":"BaseNode","object3D":{"@class":"BaseObject3D","id":{"uuid":"BBCA5933-6FB5-467F-96B5-6CD3A87AF5BF"},"name":"SM_RocketPanel_03_Tube_01","enabled":true,"visible":true,"hitVisible":true,"transform":{"@class":"BaseComponentTransformable","localTransforms":{"values":[-0.5108298659324646,0.03697684407234192,0.3125467300415039,0.0,-0.021111316978931428,-0.4085614979267121,0.013831605203449726,0.0,0.31320154666900637,0.0011416508350521329,0.5117649435997009,0.0,-37.33627700805664,-15.399124145507813,1.5960993766784669,1.0]}},"metadata":{"importedIdentifier":"RootNode","importedName":"RootNode","isBone":false}},"asset_id":{"uuid":"294D2BC7-2F26-4041-95AD-56AE5B30B124"},"is_asset_root":true,"children":["6E82EE8B-20EC-4C90-8E5B-8CA350832E4D"]},{"@class":"BaseNode","object3D":{"@class":"BaseObject3D","id":{"uuid":"6E82EE8B-20EC-4C90-8E5B-8CA350832E4D"},"name":"RocketPanel_03_Tube_01","enabled":true,"visible":true,"hitVisible":true,"geometry":{"@class":"BaseComponentGeometry","meshId":{"uuid":"3FBC8663-15AF-44E2-88FD-415614D25A32"},"static":true},"material":{"@class":"BaseComponentMaterial","materialId":{"uuid":"5FA24A49-E20F-4ACC-8216-8BC1EAF52DCB"},"mapsStates":127},"transform":{"@class":"BaseComponentTransformable","localTransforms":{"values":[0.009999999776482582,0.0,0.0,0.0,0.0,0.009999999776482582,0.0,0.0,0.0,0.0,0.009999999776482582,0.0,0.0,0.0,0.0,1.0]}},"metadata":{"importedIdentifier":"RocketPanel_03_Tube_01","importedName":"RocketPanel_03_Tube_01","isBone":fa