{
    "@class": "BaseSkinController",
    "id": {
        "uuid": "12DDA23F-2455-415A-9C67-F846959E1C97"
    },
    "boneInfoCollection": [
        {
            "@class": "BoneInfo",
            "index": 0,
            "offset": {
                "values": [
                    0.355664998292923,
                    0.024775000289082528,
                    0.9342849850654602,
                    0.0,
                    0.7322540283203125,
                    -0.6285809874534607,
                    -0.26208698749542239,
                    0.0,
                    0.5807809829711914,
                    0.7773489952087402,
                    -0.2417059987783432,
                    0.0,
                    -11.390565872192383,
                    32.06507110595703,
                    98.67399597167969,
                    1.0
                ]
            }
        },
        {
            "@class": "BoneInfo",
            "index": 1,
            "offset": {
                "values": [
                    0.355664998292923,
                    0.18594299256801606,
                    0.9159299731254578,
                    0.0,
                    0.7322540283203125,
                    -0.6644300222396851,
                    -0.1494559943675995,
                    0.0,
                    0.5807809829711914,
                    0.7238500118255615,
                    -0.37247198820114138,
                    0.0,
                    -12.152700424194336,
                    42.576168060302737,
                    92.70872497558594,
                    1.0
                ]
            }
        },
        {
            "@class": "BoneInfo",
            "index": 2,
            "offset": {
                "values": [
                    0.355664998292923,
                    -0.0654740035533905,
                    0.9323170185089111,
                    0.0,
                    0.7322540283203125,
                    -0.6003640294075012,
                    -0.32150599360466006,
                    0.0,
                    0.5807809829711914,
                    0.7970420122146606,
                    -0.165584996342659,
                    0.0,
                    -13.054571151733399,
                    9.709762573242188,
                    98.8958740234375,
                    1.0
                ]
            }
        },
        {
            "@class": "BoneInfo",
            "index": 3,
            "offset": {
                "values": [
                    -0.10370200127363205,
                    -0.477508008480072,
                    0.8724859952926636,
                    0.0,
                    -0.033879999071359637,
                    -0.8750110268592835,
                    -0.482915997505188,
                    0.0,
                    0.9940310120582581,
                    -0.0796390026807785,
                    0.07456199824810028,
                    0.0,
                    -6.3024468421936039,
                    8.389450073242188,
                    106.3797378540039,
                    1.0
                ]
            }
        },
        {
            "@class": "BoneInfo",
            "index": 4,
            "offset": {
                "values": [
                    -0.02053000032901764,
                    -0.30483800172805788,
                    0.9521830081939697,
                    0.0,
                    0.11622899770736695,
                    -0.9466540217399597,
                    -0.3005619943141937,
                    0.0,
                    0.9930099844932556,
                    0.10450000315904618,
                    0.0548660010099411,
                    0.0,
                    -15.527937889099121,
                    12.02608585357666,
                    105.6001968383789,
                    1.0
                ]
            }
        },
        {
            "@class": "BoneInfo",
            "index": 5,
            "offset": {
                "values": [
                    -0.02053000032901764,
                    -0.13064999878406526,
                    0.9912160038948059,
                    0.0,
                    0.11622899770736695,
                    -0.9850149750709534,
                    -0.12742500007152558,
                    0.0,
                    0.9930099844932556,
                    0.11259199678897858,
                    0.03540800139307976,
                    0.0,
                    -15.580521583557129,
                    25.05708885192871,
                    102.78250122070313,
                    1.0
                ]
            }
        },
        {
            "@class": "BoneInfo",
            "index": 6,
            "offset": {
                "values": [
                    -0.02053000032901764,
                    -0.38432401418685915,
                    0.9229699969291687,
                    0.0,
                    0.11622899770736695,
                    -0.9178230166435242,
                    -0.379595011472702,
                    0.0,
                    0.9930099844932556,
                    0.09948199987411499,
                    0.06351300328969956,
                    0.0,
                    -15.561623573303223,
                    -8.46533203125,
                    104.17342376708985,
                    1.0
                ]
            }
        },
        {
            "@class": "BoneInfo",
            "index": 7,
            "offset": {
                "values": [
                    -0.049330998212099078,
                    -0.3047400116920471,
                    0.9511569738388062,
                    0.0,
                    0.06476200371980667,
                    -0.9512879848480225,
                    -0.30142301321029665,
                    0.0,
                    0.9966809749603272,
                    0.04673000052571297,
                    0.06666299700737,
                    0.0,
                    -8.886863708496094,
                    12.301552772521973,
                    107.31155395507813,
                    1.0
                ]
            }
        },
        {
            "@class": "BoneInfo",
            "index": 8,
            "offset": {
                "values": [
                    -0.049330998212099078,
                    -0.19925899803638459,
                    0.9787039756774902,
                    0.0,
                    0.06476200371980667,
                    -0.9784730076789856,
                    -0.19594800472259522,
                    0.0,
                    0.9966809749603272,
                    0.0537169985473156,
                    0.06117299944162369,
                    0.0,
                    -8.891548156738282,
                    17.060762405395509,
                    106.08406829833985,
                    1.0
                ]
            }
        },
        {
            "@class": "BoneInfo",
            "index": 9,
            "offset": {
                "values": [
                    -0.0962740033864975,
                    -0.2570419907569885,
                    0.961592972278595,
                    0.0,
                    -0.020287999883294107,
                    -0.9653729796409607,
                    -0.26008298993110659,
                    0.0,
                    0.9951480031013489,
                    -0.044548001140356067,
                    0.08772599697113037,
                    0.0,
                    -2.1299281120300295,
                    17.9857120513916,
                    106.25082397460938,
                    1.0
                ]
            }
        },
        {
            "@class": "BoneInfo",
            "index": 10,
            "offset": {
                "values": [
                    -0.049330998212099078,
                    -0.27664199471473696,
                    0.9597060084342957,
                    0.0,
                    0.06476200371980667,
                    -0.9597399830818176,
                    -0.2733229994773865,
                    0.0,
                    0.9966809749603272,
                    0.0486689992249012,
                    0.06526000052690506,
                    0.0,
                    -8.88121509552002,
                    2.1160988807678224,
                    106.59195709228516,
                    1.0
                ]
            }
        },
        {
            "@class": "BoneInfo",
            "index": 11,
            "offset": {
                "values": [
                    -0.10759799927473068,
                    -0.24258700013160706,
                    0.9641439914703369,
                    0.0,
                    -0.04102399945259094,
                    -0.967864990234375,
                    -0.24810099601745606,
                    0.0,
                    0.9933480024337769,
                    -0.06624799966812134,
                    0.09418799728155136,
                    0.0,
                    3.717118978500366,
                    20.245012283325197,
                    104.49755859375,
                    1.0
                ]
            }
        },
        {
            "@class": "BoneInfo",
            "index": 12,
            "offset": {
                "values": [
                    -0.0962740033864975,
                    -0.3244970142841339,
                    0.94097501039505,
                    0.0,
                    -0.020287999883294107,
                    -0.9445300102233887,
                    -0.3277980089187622,
                    0.0,
                    0.9951480031013489,
                    -0.050648998469114307,
                    0.08435100317001343,
                    0.0,
                    -2.132436990737915,
                    3.7203140258789064,
                    106.78241729736328,
                    1.0
                ]
            }
        },
        {
            "@class": "BoneInfo",
            "index": 13,
            "offset": {
                "values": [
                    -0.0962740033864975,
                    -0.06927099823951721,
                    0.9929419755935669,
                    0.0,
                    -0.020287999883294107,
                    -0.9972320199012756,
                    -0.07153700292110443,
                    0.0,
                    0.9951480031013489,
                    -0.027031999081373216,
                    0.09460200369358063,
                    0.0,
                    -2.156074047088623,
                    25.39080810546875,
                    103.74739074707031,
                    1.0
                ]
            }
        },
        {
            "@class": "BoneInfo",
            "index": 14,
            "offset": {
                "values": [
                    -0.10759799927473068,
                    -0.3133449852466583,
                    0.9435240030288696,
                    0.0,
                    -0.04102399945259094,
                    -0.9468259811401367,
                    -0.31911998987197878,
                    0.0,
                    0.9933480024337769,
                    -0.07304400205612183,
                    0.08902200311422348,
                    0.0,
                    3.7361979484558107,
                    6.413376808166504,
                    105.26190185546875,
                    1.0
                ]
            }
        },
        {
            "@class": "BoneInfo",
            "index": 15,
            "offset": {
                "values": [
                    -0.10759799927473068,
                    -0.18918199837207795,
                    0.9760289788246155,
                    0.0,
                    -0.04102399945259094,
                    -0.9800480008125305,
                    -0.19448399543762208,
                    0.0,
                    0.9933480024337769,
                    -0.06096699833869934,
                    0.09769000113010407,
                    0.0,
                    3.7252590656280519,
                    15.185735702514649,
                    104.17363739013672,
                    1.0
                ]
            }
        },
        {
            "@class": "BoneInfo",
            "index": 16,
            "offset": {
                "values": [
                    0.09519200026988983,
                    -0.33795198798179629,
                    0.9363369941711426,
                    0.0,
                    -0.016334999352693559,
                    -0.9410120248794556,
                    -0.3379789888858795,
                    0.0,
                    0.9953250288963318,
                    0.016877999529242517,
                    -0.09509799629449845,
                    0.0,
                    10.46603775024414,
                    84.92760467529297,
                    103.44365692138672,
                    1.0
                ]
            }
        },
        {
            "@class": "BoneInfo",
            "index": 17,
            "offset": {
                "values": [
                    0.048980001360177997,
                    -0.426939994096756,
                    0.902953028678894,
                    0.0,
                    -0.1150979995727539,
                    -0.9004279971122742,
                    -0.41950300335884097,
                    0.0,
                    0.9921460151672363,
                    -0.08338099718093872,
                    -0.09324300289154053,
                    0.0,
                    18.626636505126954,
                    139.56053161621095,
                    110.51815032958985,
                    1.0
                ]
            }
        },
        {
            "@class": "BoneInfo",
            "index": 18,
            "offset": {
                "values": [
                    1.0,
                    0.0,
                    0.0,
                    0.0,
                    0.0,
                    0.9998639822006226,
                    -0.01647300086915493,
                    0.0,
                    0.0,
                    0.01647300086915493,
                    0.9998639822006226,
                    0.0,
                    0.0,
                    -132.639404296875,
                    -0.25790300965309145,
                    1.0
                ]
            }
        },
        {
            "@class": "BoneInfo",
            "index": 19,
            "offset": {
                "values": [
                    1.0,
                    0.0,
                    0.0,
                    0.0,
                    0.0,
                    0.9998639822006226,
                    -0.01647300086915493,
                    0.0,
                    0.0,
                    0.01647300086915493,
                    0.9998639822006226,
                    0.0,
                    0.0,
                    -160.2246856689453,
                    -0.25790300965309145,
                    1.0
                ]
            }
        },
        {
            "@class": "BoneInfo",
            "index": 20,
            "offset": {
                "values": [
                    0.005543000064790249,
                    0.9238089919090271,
                    -0.3828139901161194,
                    0.0,
                    0.01648700051009655,
                    -0.3828530013561249,
                    -0.923662006855011,
                    0.0,
                    -0.9998490214347839,
                    -0.0011919999960809947,
                    -0.0173530001193285,
                    0.0,
                    0.2555919885635376,
                    58.2658805847168,
                    176.67486572265626,
                    1.0
                ]
            }
        },
        {
            "@class": "BoneInfo",
            "index": 21,
            "offset": {
                "values": [
                    1.0,
                    0.0,
                    0.0,
                    0.0,
                    0.0,
                    1.0,
                    0.0,
                    0.0,
                    0.0,
                    0.0,
                    1.0,
                    0.0,
                    0.0,
                    -191.22793579101563,
                    -3.4085121154785158,
                    1.0
                ]
            }
        },
        {
            "@class": "BoneInfo",
            "index": 22,
            "offset": {
                "values": [
                    1.0,
                    0.0,
                    0.0,
                    0.0,
                    0.0,
                    0.9998639822006226,
                    -0.01647300086915493,
                    0.0,
                    0.0,
                    0.01647300086915493,
                    0.9998639822006226,
                    0.0,
                    0.0,
                    -108.50228118896485,
                    -0.25790199637413027,
                    1.0
                ]
            }
        },
        {
            "@class": "BoneInfo",
            "index": 23,
            "offset": {
                "values": [
                    0.04841599985957146,
                    0.4267689883708954,
                    -0.9030629992485046,
                    0.0,
                    0.1199129968881607,
                    -0.9000679850578308,
                    -0.4189249873161316,
                    0.0,
                    -0.9916030168533325,
                    -0.08800599724054337,
                    -0.09475299715995789,
                    0.0,
                    -19.548709869384767,
                    139.5116424560547,
                    110.41731262207031,
                    1.0
                ]
            }
        },
        {
            "@class": "BoneInfo",
            "index": 24,
            "offset": {
                "values": [
                    0.10182499885559082,
                    0.3378539979457855,
                    -0.9356740117073059,
                    0.0,
                    0.005501000210642815,
                    -0.9407399892807007,
                    -0.33908501267433169,
                    0.0,
                    -0.9947869777679443,
                    0.02937999926507473,
                    -0.0976490005850792,
                    0.0,
                    -10.086710929870606,
                    84.9403076171875,
                    103.479736328125,
                    1.0
                ]
            }
        },
        {
            "@class": "BoneInfo",
            "index": 25,
            "offset": {
                "values": [
                    1.0,
                    0.0,
                    0.0,
                    0.0,
                    0.0,
                    1.0,
                    0.0,
                    0.0,
                    0.0,
                    0.0,
                    1.0,
                    0.0,
                    0.0,
                    -87.79714965820313,
                    -1.7044389247894288,
                    1.0
                ]
            }
        },
        {
            "@class": "BoneInfo",
            "index": 26,
            "offset": {
                "values": [
                    -0.9949650168418884,
                    0.10022500157356262,
                    0.0,
                    0.0,
                    -0.10000599920749664,
                    -0.9927880167961121,
                    -0.06610599905252457,
                    0.0,
                    -0.006624999921768904,
                    -0.06577300280332566,
                    0.9978129863739014,
                    0.0,
                    27.293018341064454,
                    73.78621673583985,
                    4.629724979400635,
                    1.0
                ]
            }
        },
        {
            "@class": "BoneInfo",
            "index": 27,
            "offset": {
                "values": [
                    -0.9949510097503662,
                    -0.10036499798297882,
                    0.0,
                    0.0,
                    0.10028599947690964,
                    -0.9941710233688355,
                    -0.03957099840044975,
                    0.0,
                    0.003971999976783991,
                    -0.03937099874019623,
                    0.9992169737815857,
                    0.0,
                    -27.310932159423829,
                    73.85733032226563,
                    3.129970073699951,
                    1.0
                ]
            }
        },
        {
            "@class": "BoneInfo",
            "index": 28,
            "offset": {
                "values": [
                    -0.07430700212717056,
                    0.45688900351524355,
                    -0.8864150047302246,
                    0.0,
                    0.04548399895429611,
                    -0.8863940238952637,
                    -0.46069100499153139,
                    0.0,
                    -0.9961979985237122,
                    -0.07455100119113922,
                    0.04508399963378906,
                    0.0,
                    3.3305740356445314,
                    10.93046760559082,
                    106.28085327148438,
                    1.0
                ]
            }
        },
        {
            "@class": "BoneInfo",
            "index": 29,
            "offset": {
                "values": [
                    -0.9995999932289124,
                    0.022789999842643739,
                    -0.016736000776290895,
                    0.0,
                    -0.027834000065922738,
                    -0.6888939738273621,
                    0.724327027797699,
                    0.0,
                    0.004978000186383724,
                    0.7245029807090759,
                    0.6892529726028442,
                    0.0,
                    24.343931198120118,
                    15.545108795166016,
                    -11.314067840576172,
                    1.0
                ]
            }
        },
        {
            "@class": "BoneInfo",
            "index": 30,
            "offset": {
                "values": [
                    -0.999625027179718,
                    0.02737100049853325,
                    0.00028700000257231295,
                    0.0,
                    -0.027312999591231347,
                    -0.9966920018196106,
                    -0.0765490010380745,
                    0.0,
                    -0.0018100000452250243,
                    -0.07652799785137177,
                    0.9970660209655762,
                    0.0,
                    24.310001373291017,
                    41.72705841064453,
                    5.067020893096924,
                    1.0
                ]
            }
        },
        {
            "@class": "BoneInfo",
            "index": 31,
            "offset": {
                "values": [
                    -0.959181010723114,
                    0.21412000060081483,
                    0.18472899496555329,
                    0.0,
                    0.18925699591636659,
                    0.0006619999767281115,
                    0.9819269776344299,
                    0.0,
                    0.21012799441814423,
                    0.9768069982528687,
                    -0.041159000247716907,
                    0.0,
                    19.866897583007814,
                    -21.378259658813478,
                    -4.276161193847656,
                    1.0
                ]
            }
        },
        {
            "@class": "BoneInfo",
            "index": 32,
            "offset": {
                "values": [
                    0.35066500306129458,
                    -0.0307180006057024,
                    -0.9359970092773438,
                    0.0,
                    -0.7318919897079468,
                    -0.632535994052887,
                    -0.2534399926662445,
                    0.0,
                    -0.5842660069465637,
                    0.7739220261573792,
                    -0.24429099261760713,
                    0.0,
                    11.96904468536377,
                    32.895660400390628,
                    98.40179443359375,
                    1.0
                ]
            }
        },
        {
            "@class": "BoneInfo",
            "index": 33,
            "offset": {
                "values": [
                    0.35066500306129458,
                    -0.2144699990749359,
                    -0.9116119742393494,
                    0.0,
                    -0.7318919897079468,
                    -0.6700630187988281,
                    -0.12389100342988968,
                    0.0,
                    -0.5842660069465637,
                    0.7106459736824036,
                    -0.3919369876384735,
                    0.0,
                    12.696843147277832,
                    45.85544967651367,
                    91.15570831298828,
                    1.0
                ]
            }
        },
        {
            "@class": "BoneInfo",
            "index": 34,
            "offset": {
                "values": [
                    0.00811699964106083,
                    -0.9238089919090271,
                    0.38276898860931399,
                    0.0,
                    -0.016474999487400056,
                    -0.3828530013561249,
                    -0.923662006855011,
                    0.0,
                    0.9998310208320618,
                    0.0011919999960809947,
                    -0.018326999619603158,
                    0.0,
                    -0.25755900144577029,
                    58.25775146484375,
                    176.67822265625,
                    1.0
                ]
            }
        },
        {
            "@class": "BoneInfo",
            "index": 35,
            "offset": {
                "values": [
                    -0.999625027179718,
                    -0.027349000796675683,
                    -0.001306000049225986,
                    0.0,
                    0.027358999475836755,
                    -0.9958170056343079,
                    -0.08717299997806549,
                    0.0,
                    0.00108299998100847,
                    -0.08717600256204605,
                    0.9961919784545898,
                    0.0,
                    -24.31367301940918,
                    41.70332336425781,
                    5.125137805938721,
                    1.0
                ]
            }
        },
        {
            "@class": "BoneInfo",
            "index": 36,
            "offset": {
                "values": [
                    -0.9995980262756348,
                    -0.02294600009918213,
                    0.0166229996830225,
                    0.0,
                    0.027891000732779504,
                    -0.6933680176734924,
                    0.7200430035591126,
                    0.0,
                    -0.004997000098228455,
                    0.7202180027961731,
                    0.6937299966812134,
                    0.0,
                    -24.344501495361329,
                    15.525294303894043,
                    -11.302460670471192,
                    1.0
                ]
            }
        },
        {
            "@class": "BoneInfo",
            "index": 37,
            "offset": {
                "values": [
                    -0.9590780138969421,
                    -0.21557499468326569,
                    -0.18356800079345704,
                    0.0,
                    -0.18809400498867036,
                    0.00048600000445730984,
                    0.9821509718894959,
                    0.0,
                    -0.21163800358772279,
                    0.9764869809150696,
                    -0.04101499915122986,
                    0.0,
                    -19.866559982299806,
                    -21.29018211364746,
                    -4.252110004425049,
                    1.0
                ]
            }
        },
        {
            "@class": "BoneInfo",
            "index": 38,
            "offset": {
                "values": [
                    0.35066500306129458,
                    -0.13242800533771516,
                    -0.9270899891853333,
                    0.0,
                    -0.7318919897079468,
                    -0.6563659906387329,
                    -0.18307599425315858,
                    0.0,
                    -0.5842660069465637,
                    0.7427290081977844,
                    -0.32708799839019778,
                    0.0,
                    13.702912330627442,
                    30.97303009033203,
                    94.2889175415039,
                    1.0
                ]
            }
        },
        {
            "@class": "BoneInfo",
            "index": 39,
            "offset": {
                "values": [
                    0.02012999914586544,
                    0.21978600323200227,
                    -0.9753400087356567,
                    0.0,
                    -0.135670006275177,
                    -0.9659140110015869,
                    -0.22046199440956117,
                    0.0,
                    -0.9905499815940857,
                    0.13676300644874574,
                    0.010374000295996666,
                    0.0,
                    12.968162536621094,
                    18.14446449279785,
                    104.84474182128906,
                    1.0
                ]
            }
        },
        {
            "@class": "BoneInfo",
            "index": 40,
            "offset": {
                "values": [
                    -0.030640000477433206,
                    0.25904300808906557,
                    -0.9653800129890442,
                    0.0,
                    -0.03878900036215782,
                    -0.9654139876365662,
                    -0.2578209936618805,
                    0.0,
                    -0.9987779855728149,
                    0.029546000063419343,
                    0.03962799906730652,
                    0.0,
                    6.00743293762207,
                    17.848556518554689,
                    106.98991394042969,
                    1.0
                ]
            }
        },
        {
            "@class": "BoneInfo",
            "index": 41,
            "offset": {
                "values": [
                    0.02012999914586544,
                    0.198076993227005,
                    -0.9799799919128418,
                    0.0,
                    -0.135670006275177,
                    -0.970570981502533,
                    -0.19896200299263,
                    0.0,
                    -0.9905499815940857,
                    0.1369590014219284,
                    0.007335000205785036,
                    0.0,
                    12.974200248718262,
                    15.38991641998291,
                    104.52882385253906,
                    1.0
                ]
            }
        },
        {
            "@class": "BoneInfo",
            "index": 42,
            "offset": {
                "values": [
                    0.02012999914586544,
                    0.4963169991970062,
                    -0.8679080009460449,
                    0.0,
                    -0.135670006275177,
                    -0.8586980104446411,
                    -0.4941970109939575,
                    0.0,
                    -0.9905499815940857,
                    0.12769800424575807,
                    0.050050001591444018,
                    0.0,
                    12.97726058959961,
                    -22.801837921142579,
                    102.56301879882813,
                    1.0
                ]
            }
        },
        {
            "@class": "BoneInfo",
            "index": 43,
            "offset": {
                "values": [
                    -0.030640000477433206,
                    0.23499499261379243,
                    -0.9715139865875244,
                    0.0,
                    -0.03878900036215782,
                    -0.971517026424408,
                    -0.23377199470996858,
                    0.0,
                    -0.9987779855728149,
                    0.030520999804139139,
                    0.038881998509168628,
                    0.0,
                    6.00284481048584,
                    13.733556747436524,
                    106.68183135986328,
                    1.0
                ]
            }
        },
        {
            "@class": "BoneInfo",
            "index": 44,
            "offset": {
                "values": [
                    -0.030640000477433206,
                    0.11448799818754196,
                    -0.9929519891738892,
                    0.0,
                    -0.03878900036215782,
                    -0.9928060173988342,
                    -0.1132740005850792,
                    0.0,
                    -0.9987779855728149,
                    0.03504500165581703,
                    0.034860000014305118,
                    0.0,
                    6.010752201080322,
                    19.97188949584961,
                    105.02821350097656,
                    1.0
                ]
            }
        },
        {
            "@class": "BoneInfo",
            "index": 45,
            "offset": {
                "values": [
                    -0.07859200239181519,
                    0.4043180048465729,
                    -0.9112359881401062,
                    0.0,
                    0.0538019984960556,
                    -0.9110109806060791,
                    -0.4088580012321472,
                    0.0,
                    -0.9954540133476257,
                    -0.08115900307893753,
                    0.049844998866319659,
                    0.0,
                    -0.6214209794998169,
                    0.39266398549079897,
                    106.41295623779297,
                    1.0
                ]
            }
        },
        {
            "@class": "BoneInfo",
            "index": 46,
            "offset": {
                "values": [
                    -0.12272799760103226,
                    0.16131000220775605,
                    -0.9792429804801941,
                    0.0,
                    0.13999000191688538,
                    -0.9740229845046997,
                    -0.1779949963092804,
                    0.0,
                    -0.9825170040130615,
                    -0.1589290052652359,
                    0.09695799648761749,
                    0.0,
                    -6.608996868133545,
                    26.982206344604493,
                    103.5137710571289,
                    1.0
                ]
            }
        },
        {
            "@class": "BoneInfo",
            "index": 47,
            "offset": {
                "values": [
                    -0.07859200239181519,
                    0.35342898964881899,
                    -0.9321539998054504,
                    0.0,
                    0.0538019984960556,
                    -0.9321799874305725,
                    -0.3579750061035156,
                    0.0,
                    -0.9954540133476257,
                    -0.07828500121831894,
                    0.05424699932336807,
                    0.0,
                    -0.6142870187759399,
                    -0.24025799334049226,
                    106.58854675292969,
                    1.0
                ]
            }
        },
        {
            "@class": "BoneInfo",
            "index": 48,
            "offset": {
                "values": [
                    -0.07859200239181519,
                    0.18545199930667878,
                    -0.9795050024986267,
                    0.0,
                    0.0538019984960556,
                    -0.9803239703178406,
                    -0.18992400169372559,
                    0.0,
                    -0.9954540133476257,
                    -0.0676250010728836,
                    0.06706800311803818,
                    0.0,
                    -0.6120399832725525,
                    12.502808570861817,
                    106.0329818725586,
                    1.0
                ]
            }
        },
        {
            "@class": "BoneInfo",
            "index": 49,
            "offset": {
                "values": [
                    -0.12272799760103226,
                    0.2792870104312897,
                    -0.9523320198059082,
                    0.0,
                    0.13999000191688538,
                    -0.9451199769973755,
                    -0.2952130138874054,
                    0.0,
                    -0.9825170040130615,
                    -0.16954800486564637,
                    0.07689599692821503,
                    0.0,
                    -6.636482238769531,
                    7.913512229919434,
                    105.25929260253906,
                    1.0
                ]
            }
        },
        {
            "@class": "BoneInfo",
            "index": 50,
            "offset": {
                "values": [
                    -0.12272799760103226,
                    0.2095559984445572,
                    -0.9700639843940735,
                    0.0,
                    0.13999000191688538,
                    -0.9640250205993652,
                    -0.22596199810504914,
                    0.0,
                    -0.9825170040130615,
                    -0.16353100538253785,
                    0.08897700160741806,
                    0.0,
                    -6.619915962219238,
                    11.220610618591309,
                    104.7215576171875,
                    1.0
                ]
            }
        }
    ]
}