{
    "@class": "BaseSkinController",
    "id": {
        "uuid": "224A119A-AA12-4E53-9876-D55B4739D25F"
    },
    "boneInfoCollection": [
        {
            "@class": "BoneInfo",
            "index": 0,
            "offset": {
                "values": [
                    -9.99999993922529e-9,
                    4.999999703159119e-8,
                    -1.0,
                    0.0,
                    -0.7718639969825745,
                    -0.6357870101928711,
                    -2.999999892949745e-8,
                    0.0,
                    -0.6357870101928711,
                    0.7718639969825745,
                    4.999999703159119e-8,
                    0.0,
                    -0.010822296142578125,
                    -0.05716109275817871,
                    8.652799606323243,
                    1.0
                ]
            }
        },
        {
            "@class": "BoneInfo",
            "index": 1,
            "offset": {
                "values": [
                    -9.99999993922529e-9,
                    4.999999703159119e-8,
                    -1.0,
                    0.0,
                    -0.7718639969825745,
                    -0.6357870101928711,
                    -2.999999892949745e-8,
                    0.0,
                    -0.6357870101928711,
                    0.7718639969825745,
                    4.999999703159119e-8,
                    0.0,
                    -0.010823249816894532,
                    -0.05716109275817871,
                    8.075797080993653,
                    1.0
                ]
            }
        },
        {
            "@class": "BoneInfo",
            "index": 2,
            "offset": {
                "values": [
                    -9.99999993922529e-9,
                    4.999999703159119e-8,
                    -1.0,
                    0.0,
                    -0.7718644738197327,
                    -0.6357870101928711,
                    -1.999999987845058e-8,
                    0.0,
                    -0.6357873678207398,
                    0.7718639969825745,
                    4.999999703159119e-8,
                    0.0,
                    -0.010825634002685547,
                    -0.05716109275817871,
                    7.498798370361328,
                    1.0
                ]
            }
        },
        {
            "@class": "BoneInfo",
            "index": 3,
            "offset": {
                "values": [
                    -9.99999993922529e-9,
                    4.999999703159119e-8,
                    -1.0,
                    0.0,
                    -0.7718639969825745,
                    -0.6357870101928711,
                    -2.999999892949745e-8,
                    0.0,
                    -0.6357870101928711,
                    0.7718639969825745,
                    4.999999703159119e-8,
                    0.0,
                    -0.010822296142578125,
                    -0.05716109275817871,
                    6.9217987060546879,
                    1.0
                ]
            }
        },
        {
            "@class": "BoneInfo",
            "index": 4,
            "offset": {
                "values": [
                    -9.99999993922529e-9,
                    4.999999703159119e-8,
                    -1.0,
                    0.0,
                    -0.7718639969825745,
                    -0.6357870101928711,
                    -2.999999892949745e-8,
                    0.0,
                    -0.6357870101928711,
                    0.7718639969825745,
                    4.999999703159119e-8,
                    0.0,
                    -0.010822296142578125,
                    -0.05716109275817871,
                    6.3447980880737309,
                    1.0
                ]
            }
        },
        {
            "@class": "BoneInfo",
            "index": 5,
            "offset": {
                "values": [
                    -9.99999993922529e-9,
                    4.999999703159119e-8,
                    -1.0,
                    0.0,
                    -0.7718639969825745,
                    -0.6357870101928711,
                    -2.999999892949745e-8,
                    0.0,
                    -0.6357870101928711,
                    0.7718639969825745,
                    4.999999703159119e-8,
                    0.0,
                    -0.010822296142578125,
                    -0.05716109275817871,
                    5.76779842376709,
                    1.0
                ]
            }
        },
        {
            "@class": "BoneInfo",
            "index": 6,
            "offset": {
                "values": [
                    -9.99999993922529e-9,
                    4.999999703159119e-8,
                    -1.0,
                    0.0,
                    -0.7718639969825745,
                    -0.6357870101928711,
                    -2.999999892949745e-8,
                    0.0,
                    -0.6357870101928711,
                    0.7718639969825745,
                    4.999999703159119e-8,
                    0.0,
                    -0.010823249816894532,
                    -0.05716109275817871,
                    5.190799713134766,
                    1.0
                ]
            }
        },
        {
            "@class": "BoneInfo",
            "index": 7,
            "offset": {
                "values": [
                    -9.99999993922529e-9,
                    4.999999703159119e-8,
                    -1.0,
                    0.0,
                    -0.7718639969825745,
                    -0.6357870101928711,
                    -2.999999892949745e-8,
                    0.0,
                    -0.6357870101928711,
                    0.7718639969825745,
                    4.999999703159119e-8,
                    0.0,
                    -0.010822296142578125,
                    -0.05716109275817871,
                    4.613798141479492,
                    1.0
                ]
            }
        },
        {
            "@class": "BoneInfo",
            "index": 8,
            "offset": {
                "values": [
                    -9.99999993922529e-9,
                    4.999999703159119e-8,
                    -1.0,
                    0.0,
                    -0.7718639969825745,
                    -0.6357870101928711,
                    -2.999999892949745e-8,
                    0.0,
                    -0.6357870101928711,
                    0.7718639969825745,
                    4.999999703159119e-8,
                    0.0,
                    -0.010822296142578125,
                    -0.05716109275817871,
                    4.036798477172852,
                    1.0
                ]
            }
        },
        {
            "@class": "BoneInfo",
            "index": 9,
            "offset": {
                "values": [
                    3.9999997625272956e-7,
                    3.7999998880877686e-7,
                    -1.0,
                    0.0,
                    -0.7718639969825745,
                    -0.6357870101928711,
                    -5.499999815583578e-7,
                    0.0,
                    -0.6357870101928711,
                    0.7718639969825745,
                    3.999999975690116e-8,
                    0.0,
                    -0.010824203491210938,
                    -0.05716240406036377,
                    3.4597983360290529,
                    1.0
                ]
            }
        },
        {
            "@class": "BoneInfo",
            "index": 10,
            "offset": {
                "values": [
                    -6.600000119760807e-7,
                    -4.700000033608376e-7,
                    -1.0,
                    0.0,
                    -0.7718639969825745,
                    -0.6357870101928711,
                    8.099999604382901e-7,
                    0.0,
                    -0.6357870101928711,
                    0.7718639969825745,
                    4.999999703159119e-8,
                    0.0,
                    -0.010820388793945313,
                    -0.05715978145599365,
                    2.882798671722412,
                    1.0
                ]
            }
        },
        {
            "@class": "BoneInfo",
            "index": 11,
            "offset": {
                "values": [
                    4.799999828719592e-7,
                    4.399999795623444e-7,
                    -1.0,
                    0.0,
                    -0.7718639969825745,
                    -0.6357870101928711,
                    -6.500000040432496e-7,
                    0.0,
                    -0.6357870101928711,
                    0.7718639969825745,
                    3.999999975690116e-8,
                    0.0,
                    -0.010823726654052735,
                    -0.05716216564178467,
                    2.3057990074157717,
                    1.0
                ]
            }
        },
        {
            "@class": "BoneInfo",
            "index": 12,
            "offset": {
                "values": [
                    -3.9999997625272956e-7,
                    -2.399999914359796e-7,
                    -1.0,
                    0.0,
                    -0.7718639969825745,
                    -0.6357870101928711,
                    4.599999954280065e-7,
                    0.0,
                    -0.6357870101928711,
                    0.7718639969825745,
                    6.999999868639861e-8,
                    0.0,
                    -0.010821342468261719,
                    -0.05716049671173096,
                    1.7287988662719727,
                    1.0
                ]
            }
        },
        {
            "@class": "BoneInfo",
            "index": 13,
            "offset": {
                "values": [
                    3.8999996831989849e-7,
                    3.4999999343199308e-7,
                    -1.0,
                    0.0,
                    -0.7718639969825745,
                    -0.6357870101928711,
                    -5.299999656926957e-7,
                    0.0,
                    -0.6357870101928711,
                    0.7718639969825745,
                    1.999999987845058e-8,
                    0.0,
                    -0.010823249816894532,
                    -0.057161569595336917,
                    1.1517977714538575,
                    1.0
                ]
            }
        },
        {
            "@class": "BoneInfo",
            "index": 14,
            "offset": {
                "values": [
                    -1.099999948905861e-7,
                    -1.999999987845058e-8,
                    -1.0,
                    0.0,
                    -0.7718639969825745,
                    -0.6357870101928711,
                    9.999999406318239e-8,
                    0.0,
                    -0.6357870101928711,
                    0.7718639969825745,
                    4.999999703159119e-8,
                    0.0,
                    -0.010822772979736328,
                    -0.05716049671173096,
                    0.5747990608215332,
                    1.0
                ]
            }
        },
        {
            "@class": "BoneInfo",
            "index": 15,
            "offset": {
                "values": [
                    -6.999999868639861e-8,
                    0.0,
                    -1.0,
                    0.0,
                    -0.7718639969825745,
                    -0.6357870101928711,
                    5.99999978589949e-8,
                    0.0,
                    -0.6357870101928711,
                    0.7718639969825745,
                    4.999999703159119e-8,
                    0.0,
                    -0.010822772979736328,
                    -0.057160377502441409,
                    -0.002201080322265625,
                    1.0
                ]
            }
        },
        {
            "@class": "BoneInfo",
            "index": 16,
            "offset": {
                "values": [
                    -9.000000034120603e-8,
                    -9.99999993922529e-9,
                    -1.0,
                    0.0,
                    -0.7718639969825745,
                    -0.6357870101928711,
                    7.999999951380232e-8,
                    0.0,
                    -0.6357870101928711,
                    0.7718639969825745,
                    4.999999703159119e-8,
                    0.0,
                    -0.010822772979736328,
                    -0.057160377502441409,
                    -0.5792012214660645,
                    1.0
                ]
            }
        },
        {
            "@class": "BoneInfo",
            "index": 17,
            "offset": {
                "values": [
                    9.000000034120603e-8,
                    1.199999957179898e-7,
                    -1.0,
                    0.0,
                    -0.7718639969825745,
                    -0.6357870101928711,
                    -1.3999999737279723e-7,
                    0.0,
                    -0.6357870101928711,
                    0.7718639969825745,
                    3.999999975690116e-8,
                    0.0,
                    -0.010822772979736328,
                    -0.05716073513031006,
                    -1.1562016010284424,
                    1.0
                ]
            }
        },
        {
            "@class": "BoneInfo",
            "index": 18,
            "offset": {
                "values": [
                    -2.999999892949745e-8,
                    3.999999975690116e-8,
                    -1.0,
                    0.0,
                    -0.7718639969825745,
                    -0.6357870101928711,
                    -9.99999993922529e-9,
                    0.0,
                    -0.6357870101928711,
                    0.7718639969825745,
                    4.999999703159119e-8,
                    0.0,
                    -0.010822296142578125,
                    -0.05716109275817871,
                    -1.733201503753662,
                    1.0
                ]
            }
        },
        {
            "@class": "BoneInfo",
            "index": 19,
            "offset": {
                "values": [
                    1.4999999109477359e-7,
                    1.8000000068241207e-7,
                    -1.0,
                    0.0,
                    -0.7718639969825745,
                    -0.6357870101928711,
                    -2.2999999771400327e-7,
                    0.0,
                    -0.6357870101928711,
                    0.7718639969825745,
                    3.999999975690116e-8,
                    0.0,
                    -0.010822296142578125,
                    -0.05716049671173096,
                    -2.3102011680603029,
                    1.0
                ]
            }
        },
        {
            "@class": "BoneInfo",
            "index": 20,
            "offset": {
                "values": [
                    -1.3999999737279723e-7,
                    -4.999999703159119e-8,
                    -1.0,
                    0.0,
                    -0.7718639969825745,
                    -0.6357870101928711,
                    1.3999999737279723e-7,
                    0.0,
                    -0.6357870101928711,
                    0.7718639969825745,
                    5.99999978589949e-8,
                    0.0,
                    -0.010822772979736328,
                    -0.05716061592102051,
                    -2.8872010707855226,
                    1.0
                ]
            }
        },
        {
            "@class": "BoneInfo",
            "index": 21,
            "offset": {
                "values": [
                    2.999999892949745e-8,
                    7.999999951380232e-8,
                    -1.0,
                    0.0,
                    -0.7718639969825745,
                    -0.6357870101928711,
                    -7.999999951380232e-8,
                    0.0,
                    -0.6357870101928711,
                    0.7718639969825745,
                    3.999999975690116e-8,
                    0.0,
                    -0.010822296142578125,
                    -0.057160019874572757,
                    -3.464200496673584,
                    1.0
                ]
            }
        },
        {
            "@class": "BoneInfo",
            "index": 22,
            "offset": {
                "values": [
                    -1.3999999737279723e-7,
                    -4.999999703159119e-8,
                    -1.0,
                    0.0,
                    -0.7718639969825745,
                    -0.6357870101928711,
                    1.3999999737279723e-7,
                    0.0,
                    -0.6357870101928711,
                    0.7718639969825745,
                    4.999999703159119e-8,
                    0.0,
                    -0.010822772979736328,
                    -0.05716061592102051,
                    -4.041201114654541,
                    1.0
                ]
            }
        },
        {
            "@class": "BoneInfo",
            "index": 23,
            "offset": {
                "values": [
                    6.999999868639861e-8,
                    1.099999948905861e-7,
                    -1.0,
                    0.0,
                    -0.7718639969825745,
                    -0.6357870101928711,
                    -1.2999998943996617e-7,
                    0.0,
                    -0.6357870101928711,
                    0.7718639969825745,
                    3.999999975690116e-8,
                    0.0,
                    -0.010821819305419922,
                    -0.05715978145599365,
                    -4.618201732635498,
                    1.0
                ]
            }
        },
        {
            "@class": "BoneInfo",
            "index": 24,
            "offset": {
                "values": [
                    1.999999987845058e-8,
                    7.999999951380232e-8,
                    -1.0,
                    0.0,
                    -0.7718639969825745,
                    -0.6357870101928711,
                    -5.99999978589949e-8,
                    0.0,
                    -0.6357870101928711,
                    0.7718639969825745,
                    4.999999703159119e-8,
                    0.0,
                    -0.010822296142578125,
                    -0.057160019874572757,
                    -5.195201396942139,
                    1.0
                ]
            }
        },
        {
            "@class": "BoneInfo",
            "index": 25,
            "offset": {
                "values": [
                    -9.999999406318239e-8,
                    -1.999999987845058e-8,
                    -1.0,
                    0.0,
                    -0.7718639969825745,
                    -0.6357870101928711,
                    9.000000034120603e-8,
                    0.0,
                    -0.6357870101928711,
                    0.7718639969825745,
                    4.999999703159119e-8,
                    0.0,
                    -0.010822772979736328,
                    -0.05716049671173096,
                    -5.772201061248779,
                    1.0
                ]
            }
        },
        {
            "@class": "BoneInfo",
            "index": 26,
            "offset": {
                "values": [
                    3.999999975690116e-8,
                    9.000000034120603e-8,
                    -1.0,
                    0.0,
                    -0.7718639969825745,
                    -0.6357870101928711,
                    -9.000000034120603e-8,
                    0.0,
                    -0.6357870101928711,
                    0.7718639969825745,
                    3.999999975690116e-8,
                    0.0,
                    -0.010822296142578125,
                    -0.0571599006652832,
                    -6.349201679229736,
                    1.0
                ]
            }
        },
        {
            "@class": "BoneInfo",
            "index": 27,
            "offset": {
                "values": [
                    -4.999999703159119e-8,
                    1.999999987845058e-8,
                    -1.0,
                    0.0,
                    -0.7718639969825745,
                    -0.6357870101928711,
                    1.999999987845058e-8,
                    0.0,
                    -0.6357870101928711,
                    0.7718639969825745,
                    4.999999703159119e-8,
                    0.0,
                    -0.010822772979736328,
                    -0.057160258293151858,
                    -6.926201820373535,
                    1.0
                ]
            }
        },
        {
            "@class": "BoneInfo",
            "index": 28,
            "offset": {
                "values": [
                    0.0,
                    5.99999978589949e-8,
                    -1.0,
                    0.0,
                    -0.7718639969825745,
                    -0.6357870101928711,
                    -3.999999975690116e-8,
                    0.0,
                    -0.6357870101928711,
                    0.7718639969825745,
                    4.999999703159119e-8,
                    0.0,
                    -0.010822296142578125,
                    -0.057160139083862308,
                    -7.503201484680176,
                    1.0
                ]
            }
        },
        {
            "@class": "BoneInfo",
            "index": 29,
            "offset": {
                "values": [
                    9.999999406318239e-8,
                    -1.2999998943996617e-7,
                    -1.0,
                    0.0,
                    -0.7718639969825745,
                    -0.6357870101928711,
                    0.0,
                    0.0,
                    -0.6357870101928711,
                    0.7718639969825745,
                    -1.69999992749581e-7,
                    0.0,
                    -0.010821819305419922,
                    -0.05716097354888916,
                    -8.080201148986817,
                    1.0
                ]
            }
        }
    ]
}