{
    "@class": "BaseSkinController",
    "id": {
        "uuid": "24501AF0-4E2E-4DEC-8C7D-94CE7A6514E1"
    },
    "boneInfoCollection": [
        {
            "@class": "BoneInfo",
            "index": 0,
            "offset": {
                "values": [
                    0.0,
                    0.0,
                    -1.0,
                    0.0,
                    -0.7716500163078308,
                    -0.6360470056533814,
                    0.0,
                    0.0,
                    -0.6360470056533814,
                    0.7716500163078308,
                    0.0,
                    0.0,
                    0.08698529750108719,
                    -0.17587780952453614,
                    8.579594612121582,
                    1.0
                ]
            }
        },
        {
            "@class": "BoneInfo",
            "index": 1,
            "offset": {
                "values": [
                    0.0,
                    0.0,
                    -1.0,
                    0.0,
                    -0.7716500163078308,
                    -0.6360480189323425,
                    0.0,
                    0.0,
                    -0.6360480189323425,
                    0.7716500163078308,
                    0.0,
                    0.0,
                    0.0869855210185051,
                    -0.17588043212890626,
                    8.002593994140625,
                    1.0
                ]
            }
        },
        {
            "@class": "BoneInfo",
            "index": 2,
            "offset": {
                "values": [
                    0.0,
                    0.0,
                    -1.0,
                    0.0,
                    -0.7716500163078308,
                    -0.6360480189323425,
                    0.0,
                    0.0,
                    -0.6360480189323425,
                    0.7716500163078308,
                    0.0,
                    0.0,
                    0.0869855210185051,
                    -0.17588043212890626,
                    7.425595283508301,
                    1.0
                ]
            }
        },
        {
            "@class": "BoneInfo",
            "index": 3,
            "offset": {
                "values": [
                    0.0,
                    0.0,
                    -1.0,
                    0.0,
                    -0.7716500163078308,
                    -0.6360470056533814,
                    0.0,
                    0.0,
                    -0.6360470056533814,
                    0.7716500163078308,
                    0.0,
                    0.0,
                    0.08698230236768723,
                    -0.17587780952453614,
                    6.848592758178711,
                    1.0
                ]
            }
        },
        {
            "@class": "BoneInfo",
            "index": 4,
            "offset": {
                "values": [
                    0.0,
                    0.0,
                    -1.0,
                    0.0,
                    -0.7716500163078308,
                    -0.6360470056533814,
                    0.0,
                    0.0,
                    -0.6360470056533814,
                    0.7716500163078308,
                    0.0,
                    0.0,
                    0.08698230236768723,
                    -0.17587780952453614,
                    6.271595001220703,
                    1.0
                ]
            }
        },
        {
            "@class": "BoneInfo",
            "index": 5,
            "offset": {
                "values": [
                    0.0,
                    0.0,
                    -1.0,
                    0.0,
                    -0.7716500163078308,
                    -0.6360470056533814,
                    0.0,
                    0.0,
                    -0.6360470056533814,
                    0.7716500163078308,
                    0.0,
                    0.0,
                    0.08698529750108719,
                    -0.17587780952453614,
                    5.6945953369140629,
                    1.0
                ]
            }
        },
        {
            "@class": "BoneInfo",
            "index": 6,
            "offset": {
                "values": [
                    0.0,
                    0.0,
                    -1.0,
                    0.0,
                    -0.7716500163078308,
                    -0.6360480189323425,
                    0.0,
                    0.0,
                    -0.6360480189323425,
                    0.7716500163078308,
                    0.0,
                    0.0,
                    0.0869855210185051,
                    -0.17588043212890626,
                    5.117593765258789,
                    1.0
                ]
            }
        },
        {
            "@class": "BoneInfo",
            "index": 7,
            "offset": {
                "values": [
                    0.0,
                    0.0,
                    -1.0,
                    0.0,
                    -0.7716500163078308,
                    -0.6360470056533814,
                    0.0,
                    0.0,
                    -0.6360470056533814,
                    0.7716500163078308,
                    0.0,
                    0.0,
                    0.08698529750108719,
                    -0.17587780952453614,
                    4.540594100952148,
                    1.0
                ]
            }
        },
        {
            "@class": "BoneInfo",
            "index": 8,
            "offset": {
                "values": [
                    0.0,
                    0.0,
                    -1.0,
                    0.0,
                    -0.7716500163078308,
                    -0.6360470056533814,
                    0.0,
                    0.0,
                    -0.6360470056533814,
                    0.7716500163078308,
                    0.0,
                    0.0,
                    0.08698529750108719,
                    -0.17587780952453614,
                    3.963594436645508,
                    1.0
                ]
            }
        },
        {
            "@class": "BoneInfo",
            "index": 9,
            "offset": {
                "values": [
                    0.0,
                    0.0,
                    -1.0,
                    0.0,
                    -0.7716500163078308,
                    -0.6360470056533814,
                    0.0,
                    0.0,
                    -0.6360470056533814,
                    0.7716500163078308,
                    0.0,
                    0.0,
                    0.08698529750108719,
                    -0.17587685585021974,
                    3.386593818664551,
                    1.0
                ]
            }
        },
        {
            "@class": "BoneInfo",
            "index": 10,
            "offset": {
                "values": [
                    0.0,
                    0.0,
                    -1.0,
                    0.0,
                    -0.7716500163078308,
                    -0.6360480189323425,
                    0.0,
                    0.0,
                    -0.6360480189323425,
                    0.7716500163078308,
                    0.0,
                    0.0,
                    0.0869855210185051,
                    -0.17588043212890626,
                    2.80959415435791,
                    1.0
                ]
            }
        },
        {
            "@class": "BoneInfo",
            "index": 11,
            "offset": {
                "values": [
                    0.0,
                    0.0,
                    -1.0,
                    0.0,
                    -0.7716500163078308,
                    -0.6360480189323425,
                    0.0,
                    0.0,
                    -0.6360480189323425,
                    0.7716500163078308,
                    0.0,
                    0.0,
                    0.0869855210185051,
                    -0.17588043212890626,
                    2.232595443725586,
                    1.0
                ]
            }
        },
        {
            "@class": "BoneInfo",
            "index": 12,
            "offset": {
                "values": [
                    0.0,
                    0.0,
                    -1.0,
                    0.0,
                    -0.7716500163078308,
                    -0.6360470056533814,
                    0.0,
                    0.0,
                    -0.6360470056533814,
                    0.7716500163078308,
                    0.0,
                    0.0,
                    0.08698529750108719,
                    -0.17587685585021974,
                    1.6555943489074708,
                    1.0
                ]
            }
        },
        {
            "@class": "BoneInfo",
            "index": 13,
            "offset": {
                "values": [
                    0.0,
                    0.0,
                    -1.0,
                    0.0,
                    -0.7716500163078308,
                    -0.6360470056533814,
                    -9.999999974752428e-7,
                    0.0,
                    -0.6360470056533814,
                    0.7716500163078308,
                    0.0,
                    0.0,
                    0.08698230236768723,
                    -0.17587971687316895,
                    1.0785937309265137,
                    1.0
                ]
            }
        },
        {
            "@class": "BoneInfo",
            "index": 14,
            "offset": {
                "values": [
                    0.0,
                    0.0,
                    -1.0,
                    0.0,
                    -0.7716500163078308,
                    -0.6360470056533814,
                    0.0,
                    0.0,
                    -0.6360470056533814,
                    0.7716500163078308,
                    0.0,
                    0.0,
                    0.08698330074548722,
                    -0.17587685585021974,
                    0.501594066619873,
                    1.0
                ]
            }
        },
        {
            "@class": "BoneInfo",
            "index": 15,
            "offset": {
                "values": [
                    0.0,
                    0.0,
                    -1.0,
                    0.0,
                    -0.7716500163078308,
                    -0.6360480189323425,
                    0.0,
                    0.0,
                    -0.6360480189323425,
                    0.7716500163078308,
                    0.0,
                    0.0,
                    0.08698651939630509,
                    -0.17587947845458985,
                    -0.07540559768676758,
                    1.0
                ]
            }
        },
        {
            "@class": "BoneInfo",
            "index": 16,
            "offset": {
                "values": [
                    0.0,
                    0.0,
                    -1.0,
                    0.0,
                    -0.7716500163078308,
                    -0.6360470056533814,
                    0.0,
                    0.0,
                    -0.6360470056533814,
                    0.7716500163078308,
                    0.0,
                    0.0,
                    0.08698230236768723,
                    -0.17587780952453614,
                    -0.6524057388305664,
                    1.0
                ]
            }
        },
        {
            "@class": "BoneInfo",
            "index": 17,
            "offset": {
                "values": [
                    0.0,
                    0.0,
                    -1.0,
                    0.0,
                    -0.7716500163078308,
                    -0.6360470056533814,
                    0.0,
                    0.0,
                    -0.6360470056533814,
                    0.7716500163078308,
                    0.0,
                    0.0,
                    0.08698230236768723,
                    -0.17587685585021974,
                    -1.2294058799743653,
                    1.0
                ]
            }
        },
        {
            "@class": "BoneInfo",
            "index": 18,
            "offset": {
                "values": [
                    0.0,
                    0.0,
                    -1.0,
                    0.0,
                    -0.7716500163078308,
                    -0.6360480189323425,
                    0.0,
                    0.0,
                    -0.6360480189323425,
                    0.7716500163078308,
                    0.0,
                    0.0,
                    0.0869855210185051,
                    -0.17587947845458985,
                    -1.806405782699585,
                    1.0
                ]
            }
        },
        {
            "@class": "BoneInfo",
            "index": 19,
            "offset": {
                "values": [
                    0.0,
                    0.0,
                    -1.0,
                    0.0,
                    -0.7716500163078308,
                    -0.6360480189323425,
                    0.0,
                    0.0,
                    -0.6360480189323425,
                    0.7716500163078308,
                    0.0,
                    0.0,
                    0.0869855210185051,
                    -0.17587947845458985,
                    -2.3834056854248049,
                    1.0
                ]
            }
        },
        {
            "@class": "BoneInfo",
            "index": 20,
            "offset": {
                "values": [
                    0.0,
                    0.0,
                    -1.0,
                    0.0,
                    -0.7716500163078308,
                    -0.6360470056533814,
                    0.0,
                    0.0,
                    -0.6360470056533814,
                    0.7716500163078308,
                    0.0,
                    0.0,
                    0.08698230236768723,
                    -0.17587685585021974,
                    -2.9604058265686037,
                    1.0
                ]
            }
        },
        {
            "@class": "BoneInfo",
            "index": 21,
            "offset": {
                "values": [
                    0.0,
                    0.0,
                    -1.0,
                    0.0,
                    -0.7716500163078308,
                    -0.6360480189323425,
                    0.0,
                    0.0,
                    -0.6360480189323425,
                    0.7716500163078308,
                    0.0,
                    0.0,
                    0.08698251843452454,
                    -0.17587947845458985,
                    -3.5374057292938234,
                    1.0
                ]
            }
        },
        {
            "@class": "BoneInfo",
            "index": 22,
            "offset": {
                "values": [
                    0.0,
                    0.0,
                    -1.0,
                    0.0,
                    -0.7716500163078308,
                    -0.6360470056533814,
                    0.0,
                    0.0,
                    -0.6360470056533814,
                    0.7716500163078308,
                    0.0,
                    0.0,
                    0.08698529750108719,
                    -0.17587780952453614,
                    -4.114405632019043,
                    1.0
                ]
            }
        },
        {
            "@class": "BoneInfo",
            "index": 23,
            "offset": {
                "values": [
                    0.0,
                    0.0,
                    -1.0,
                    0.0,
                    -0.7716500163078308,
                    -0.6360480189323425,
                    0.0,
                    0.0,
                    -0.6360480189323425,
                    0.7716500163078308,
                    0.0,
                    0.0,
                    0.0869855210185051,
                    -0.17587947845458985,
                    -4.691405773162842,
                    1.0
                ]
            }
        },
        {
            "@class": "BoneInfo",
            "index": 24,
            "offset": {
                "values": [
                    0.0,
                    0.0,
                    -1.0,
                    0.0,
                    -0.7716500163078308,
                    -0.6360470056533814,
                    0.0,
                    0.0,
                    -0.6360470056533814,
                    0.7716500163078308,
                    0.0,
                    0.0,
                    0.08698529750108719,
                    -0.17587685585021974,
                    -5.268404960632324,
                    1.0
                ]
            }
        },
        {
            "@class": "BoneInfo",
            "index": 25,
            "offset": {
                "values": [
                    0.0,
                    0.0,
                    -1.0,
                    0.0,
                    -0.7716500163078308,
                    -0.6360470056533814,
                    0.0,
                    0.0,
                    -0.6360470056533814,
                    0.7716500163078308,
                    0.0,
                    0.0,
                    0.08698529750108719,
                    -0.17587685585021974,
                    -5.845405578613281,
                    1.0
                ]
            }
        },
        {
            "@class": "BoneInfo",
            "index": 26,
            "offset": {
                "values": [
                    0.0,
                    0.0,
                    -1.0,
                    0.0,
                    -0.7716500163078308,
                    -0.6360480189323425,
                    0.0,
                    0.0,
                    -0.6360480189323425,
                    0.7716500163078308,
                    0.0,
                    0.0,
                    0.0869855210185051,
                    -0.17587947845458985,
                    -6.42240571975708,
                    1.0
                ]
            }
        },
        {
            "@class": "BoneInfo",
            "index": 27,
            "offset": {
                "values": [
                    0.0,
                    0.0,
                    -1.0,
                    0.0,
                    -0.7716500163078308,
                    -0.6360470056533814,
                    0.0,
                    0.0,
                    -0.6360470056533814,
                    0.7716500163078308,
                    0.0,
                    0.0,
                    0.08698529750108719,
                    -0.17587685585021974,
                    -6.999405860900879,
                    1.0
                ]
            }
        },
        {
            "@class": "BoneInfo",
            "index": 28,
            "offset": {
                "values": [
                    0.0,
                    0.0,
                    -1.0,
                    0.0,
                    -0.7716500163078308,
                    -0.6360480189323425,
                    0.0,
                    0.0,
                    -0.6360480189323425,
                    0.7716500163078308,
                    0.0,
                    0.0,
                    0.0869855210185051,
                    -0.17587947845458985,
                    -7.5764055252075199,
                    1.0
                ]
            }
        },
        {
            "@class": "BoneInfo",
            "index": 29,
            "offset": {
                "values": [
                    0.0,
                    0.0,
                    -1.0,
                    0.0,
                    -0.7716500163078308,
                    -0.6360470056533814,
                    0.0,
                    0.0,
                    -0.6360470056533814,
                    0.7716500163078308,
                    0.0,
                    0.0,
                    0.08698529750108719,
                    -0.17587685585021974,
                    -8.153406143188477,
                    1.0
                ]
            }
        }
    ]
}