{
    "@class": "BaseSkinController",
    "id": {
        "uuid": "2DF50BBB-7DDF-4C7F-A1D3-D2E4D7EE9028"
    },
    "boneInfoCollection": [
        {
            "@class": "BoneInfo",
            "index": 0,
            "offset": {
                "values": [
                    0.0,
                    0.0,
                    -1.0,
                    0.0,
                    -0.7718639969825745,
                    -0.6357870101928711,
                    0.0,
                    0.0,
                    -0.6357870101928711,
                    0.7718639969825745,
                    0.0,
                    0.0,
                    0.11473751068115235,
                    -0.20967042446136475,
                    8.652761459350586,
                    1.0
                ]
            }
        },
        {
            "@class": "BoneInfo",
            "index": 1,
            "offset": {
                "values": [
                    0.0,
                    0.0,
                    -1.0,
                    0.0,
                    -0.7718639969825745,
                    -0.6357870101928711,
                    0.0,
                    0.0,
                    -0.6357870101928711,
                    0.7718639969825745,
                    0.0,
                    0.0,
                    0.11473655700683594,
                    -0.20967042446136475,
                    8.075758934020996,
                    1.0
                ]
            }
        },
        {
            "@class": "BoneInfo",
            "index": 2,
            "offset": {
                "values": [
                    0.0,
                    0.0,
                    -1.0,
                    0.0,
                    -0.7718639969825745,
                    -0.6357870101928711,
                    0.0,
                    0.0,
                    -0.6357870101928711,
                    0.7718639969825745,
                    0.0,
                    0.0,
                    0.11473655700683594,
                    -0.20967042446136475,
                    7.498760223388672,
                    1.0
                ]
            }
        },
        {
            "@class": "BoneInfo",
            "index": 3,
            "offset": {
                "values": [
                    0.0,
                    0.0,
                    -1.0,
                    0.0,
                    -0.7718639969825745,
                    -0.6357870101928711,
                    0.0,
                    0.0,
                    -0.6357870101928711,
                    0.7718639969825745,
                    0.0,
                    0.0,
                    0.11473751068115235,
                    -0.20967042446136475,
                    6.921760559082031,
                    1.0
                ]
            }
        },
        {
            "@class": "BoneInfo",
            "index": 4,
            "offset": {
                "values": [
                    0.0,
                    0.0,
                    -1.0,
                    0.0,
                    -0.7718639969825745,
                    -0.6357870101928711,
                    0.0,
                    0.0,
                    -0.6357870101928711,
                    0.7718639969825745,
                    0.0,
                    0.0,
                    0.11473751068115235,
                    -0.20967042446136475,
                    6.344759941101074,
                    1.0
                ]
            }
        },
        {
            "@class": "BoneInfo",
            "index": 5,
            "offset": {
                "values": [
                    0.0,
                    0.0,
                    -1.0,
                    0.0,
                    -0.7718639969825745,
                    -0.6357870101928711,
                    0.0,
                    0.0,
                    -0.6357870101928711,
                    0.7718639969825745,
                    0.0,
                    0.0,
                    0.11473751068115235,
                    -0.20966947078704835,
                    5.767760276794434,
                    1.0
                ]
            }
        },
        {
            "@class": "BoneInfo",
            "index": 6,
            "offset": {
                "values": [
                    0.0,
                    0.0,
                    -1.0,
                    0.0,
                    -0.7718639969825745,
                    -0.6357870101928711,
                    0.0,
                    0.0,
                    -0.6357870101928711,
                    0.7718639969825745,
                    0.0,
                    0.0,
                    0.11473655700683594,
                    -0.20967042446136475,
                    5.190761566162109,
                    1.0
                ]
            }
        },
        {
            "@class": "BoneInfo",
            "index": 7,
            "offset": {
                "values": [
                    0.0,
                    0.0,
                    -1.0,
                    0.0,
                    -0.7718639969825745,
                    -0.6357870101928711,
                    0.0,
                    0.0,
                    -0.6357870101928711,
                    0.7718639969825745,
                    0.0,
                    0.0,
                    0.11473751068115235,
                    -0.20966947078704835,
                    4.613759994506836,
                    1.0
                ]
            }
        },
        {
            "@class": "BoneInfo",
            "index": 8,
            "offset": {
                "values": [
                    0.0,
                    0.0,
                    -1.0,
                    0.0,
                    -0.7718639969825745,
                    -0.6357870101928711,
                    0.0,
                    0.0,
                    -0.6357870101928711,
                    0.7718639969825745,
                    0.0,
                    0.0,
                    0.11473751068115235,
                    -0.20966947078704835,
                    4.036760330200195,
                    1.0
                ]
            }
        },
        {
            "@class": "BoneInfo",
            "index": 9,
            "offset": {
                "values": [
                    0.0,
                    0.0,
                    -1.0,
                    0.0,
                    -0.7718639969825745,
                    -0.6357870101928711,
                    -9.999999974752428e-7,
                    0.0,
                    -0.6357870101928711,
                    0.7718639969825745,
                    0.0,
                    0.0,
                    0.11473369598388672,
                    -0.2096724510192871,
                    3.45975923538208,
                    1.0
                ]
            }
        },
        {
            "@class": "BoneInfo",
            "index": 10,
            "offset": {
                "values": [
                    -9.999999974752428e-7,
                    -0.0,
                    -1.0,
                    0.0,
                    -0.7718639969825745,
                    -0.6357870101928711,
                    9.999999974752428e-7,
                    0.0,
                    -0.6357870101928711,
                    0.7718639969825745,
                    0.0,
                    0.0,
                    0.11473751068115235,
                    -0.20966649055480958,
                    2.882760524749756,
                    1.0
                ]
            }
        },
        {
            "@class": "BoneInfo",
            "index": 11,
            "offset": {
                "values": [
                    0.0,
                    0.0,
                    -1.0,
                    0.0,
                    -0.7718639969825745,
                    -0.6357870101928711,
                    -9.999999974752428e-7,
                    0.0,
                    -0.6357870101928711,
                    0.7718639969825745,
                    0.0,
                    0.0,
                    0.11473369598388672,
                    -0.20967352390289308,
                    2.305759906768799,
                    1.0
                ]
            }
        },
        {
            "@class": "BoneInfo",
            "index": 12,
            "offset": {
                "values": [
                    0.0,
                    -0.0,
                    -1.0,
                    0.0,
                    -0.7718639969825745,
                    -0.6357870101928711,
                    0.0,
                    0.0,
                    -0.6357870101928711,
                    0.7718639969825745,
                    0.0,
                    0.0,
                    0.11473941802978516,
                    -0.20966851711273194,
                    1.7287592887878419,
                    1.0
                ]
            }
        },
        {
            "@class": "BoneInfo",
            "index": 13,
            "offset": {
                "values": [
                    0.0,
                    0.0,
                    -1.0,
                    0.0,
                    -0.7718639969825745,
                    -0.6357870101928711,
                    -9.999999974752428e-7,
                    0.0,
                    -0.6357870101928711,
                    0.7718639969825745,
                    0.0,
                    0.0,
                    0.11473464965820313,
                    -0.2096714973449707,
                    1.1517586708068848,
                    1.0
                ]
            }
        },
        {
            "@class": "BoneInfo",
            "index": 14,
            "offset": {
                "values": [
                    0.0,
                    -0.0,
                    -1.0,
                    0.0,
                    -0.7718639969825745,
                    -0.6357870101928711,
                    0.0,
                    0.0,
                    -0.6357870101928711,
                    0.7718639969825745,
                    0.0,
                    0.0,
                    0.11473751068115235,
                    -0.20966947078704835,
                    0.5747604370117188,
                    1.0
                ]
            }
        },
        {
            "@class": "BoneInfo",
            "index": 15,
            "offset": {
                "values": [
                    0.0,
                    0.0,
                    -1.0,
                    0.0,
                    -0.7718639969825745,
                    -0.6357870101928711,
                    0.0,
                    0.0,
                    -0.6357870101928711,
                    0.7718639969825745,
                    0.0,
                    0.0,
                    0.11473751068115235,
                    -0.20966947078704835,
                    -0.002239704132080078,
                    1.0
                ]
            }
        },
        {
            "@class": "BoneInfo",
            "index": 16,
            "offset": {
                "values": [
                    0.0,
                    -0.0,
                    -1.0,
                    0.0,
                    -0.7718639969825745,
                    -0.6357870101928711,
                    0.0,
                    0.0,
                    -0.6357870101928711,
                    0.7718639969825745,
                    0.0,
                    0.0,
                    0.11473751068115235,
                    -0.20966947078704835,
                    -0.5792398452758789,
                    1.0
                ]
            }
        },
        {
            "@class": "BoneInfo",
            "index": 17,
            "offset": {
                "values": [
                    0.0,
                    0.0,
                    -1.0,
                    0.0,
                    -0.7718639969825745,
                    -0.6357870101928711,
                    0.0,
                    0.0,
                    -0.6357870101928711,
                    0.7718639969825745,
                    0.0,
                    0.0,
                    0.11473655700683594,
                    -0.20967042446136475,
                    -1.1562397480010987,
                    1.0
                ]
            }
        },
        {
            "@class": "BoneInfo",
            "index": 18,
            "offset": {
                "values": [
                    0.0,
                    0.0,
                    -1.0,
                    0.0,
                    -0.7718639969825745,
                    -0.6357870101928711,
                    0.0,
                    0.0,
                    -0.6357870101928711,
                    0.7718639969825745,
                    0.0,
                    0.0,
                    0.11473655700683594,
                    -0.20966947078704835,
                    -1.7332396507263184,
                    1.0
                ]
            }
        },
        {
            "@class": "BoneInfo",
            "index": 19,
            "offset": {
                "values": [
                    0.0,
                    0.0,
                    -1.0,
                    0.0,
                    -0.7718639969825745,
                    -0.6357870101928711,
                    0.0,
                    0.0,
                    -0.6357870101928711,
                    0.7718639969825745,
                    0.0,
                    0.0,
                    0.11473655700683594,
                    -0.20967042446136475,
                    -2.310238838195801,
                    1.0
                ]
            }
        },
        {
            "@class": "BoneInfo",
            "index": 20,
            "offset": {
                "values": [
                    0.0,
                    -0.0,
                    -1.0,
                    0.0,
                    -0.7718639969825745,
                    -0.6357870101928711,
                    0.0,
                    0.0,
                    -0.6357870101928711,
                    0.7718639969825745,
                    0.0,
                    0.0,
                    0.11473655700683594,
                    -0.20966947078704835,
                    -2.887239694595337,
                    1.0
                ]
            }
        },
        {
            "@class": "BoneInfo",
            "index": 21,
            "offset": {
                "values": [
                    0.0,
                    0.0,
                    -1.0,
                    0.0,
                    -0.7718639969825745,
                    -0.6357870101928711,
                    0.0,
                    0.0,
                    -0.6357870101928711,
                    0.7718639969825745,
                    0.0,
                    0.0,
                    0.11473655700683594,
                    -0.20966947078704835,
                    -3.4642386436462404,
                    1.0
                ]
            }
        },
        {
            "@class": "BoneInfo",
            "index": 22,
            "offset": {
                "values": [
                    0.0,
                    -0.0,
                    -1.0,
                    0.0,
                    -0.7718639969825745,
                    -0.6357870101928711,
                    0.0,
                    0.0,
                    -0.6357870101928711,
                    0.7718639969825745,
                    0.0,
                    0.0,
                    0.11473751068115235,
                    -0.20966947078704835,
                    -4.0412397384643559,
                    1.0
                ]
            }
        },
        {
            "@class": "BoneInfo",
            "index": 23,
            "offset": {
                "values": [
                    0.0,
                    0.0,
                    -1.0,
                    0.0,
                    -0.7718639969825745,
                    -0.6357870101928711,
                    0.0,
                    0.0,
                    -0.6357870101928711,
                    0.7718639969825745,
                    0.0,
                    0.0,
                    0.11473655700683594,
                    -0.20966947078704835,
                    -4.618239879608154,
                    1.0
                ]
            }
        },
        {
            "@class": "BoneInfo",
            "index": 24,
            "offset": {
                "values": [
                    0.0,
                    0.0,
                    -1.0,
                    0.0,
                    -0.7718639969825745,
                    -0.6357870101928711,
                    0.0,
                    0.0,
                    -0.6357870101928711,
                    0.7718639969825745,
                    0.0,
                    0.0,
                    0.11473751068115235,
                    -0.20966947078704835,
                    -5.195239543914795,
                    1.0
                ]
            }
        },
        {
            "@class": "BoneInfo",
            "index": 25,
            "offset": {
                "values": [
                    0.0,
                    -0.0,
                    -1.0,
                    0.0,
                    -0.7718639969825745,
                    -0.6357870101928711,
                    0.0,
                    0.0,
                    -0.6357870101928711,
                    0.7718639969825745,
                    0.0,
                    0.0,
                    0.11473751068115235,
                    -0.20966947078704835,
                    -5.772239685058594,
                    1.0
                ]
            }
        },
        {
            "@class": "BoneInfo",
            "index": 26,
            "offset": {
                "values": [
                    0.0,
                    0.0,
                    -1.0,
                    0.0,
                    -0.7718639969825745,
                    -0.6357870101928711,
                    0.0,
                    0.0,
                    -0.6357870101928711,
                    0.7718639969825745,
                    0.0,
                    0.0,
                    0.11473751068115235,
                    -0.20966947078704835,
                    -6.349239826202393,
                    1.0
                ]
            }
        },
        {
            "@class": "BoneInfo",
            "index": 27,
            "offset": {
                "values": [
                    0.0,
                    0.0,
                    -1.0,
                    0.0,
                    -0.7718639969825745,
                    -0.6357870101928711,
                    0.0,
                    0.0,
                    -0.6357870101928711,
                    0.7718639969825745,
                    0.0,
                    0.0,
                    0.11473751068115235,
                    -0.20966947078704835,
                    -6.926240921020508,
                    1.0
                ]
            }
        },
        {
            "@class": "BoneInfo",
            "index": 28,
            "offset": {
                "values": [
                    0.0,
                    0.0,
                    -1.0,
                    0.0,
                    -0.7718639969825745,
                    -0.6357870101928711,
                    0.0,
                    0.0,
                    -0.6357870101928711,
                    0.7718639969825745,
                    0.0,
                    0.0,
                    0.11473655700683594,
                    -0.20966947078704835,
                    -7.503239631652832,
                    1.0
                ]
            }
        },
        {
            "@class": "BoneInfo",
            "index": 29,
            "offset": {
                "values": [
                    0.0,
                    -0.0,
                    -1.0,
                    0.0,
                    -0.7718639969825745,
                    -0.6357870101928711,
                    0.0,
                    0.0,
                    -0.6357870101928711,
                    0.7718639969825745,
                    0.0,
                    0.0,
                    0.11473751068115235,
                    -0.20966947078704835,
                    -8.080238342285157,
                    1.0
                ]
            }
        }
    ]
}