{"@class":"BaseSkinController","id":{"uuid":"40A8320D-F2C8-4ED4-A580-382DF3B5DDD0"},"boneInfoCollection":[{"@class":"BoneInfo","index":0,"offset":{"values":[-0.9983519911766052,-0.05588100105524063,0.013031000271439553,0.0,0.01231599971652031,0.013109000399708748,0.9998379945755005,0.0,-0.056042999029159549,0.998350977897644,-0.012400000356137753,0.0,-15.25275993347168,-17.456649780273439,-0.9035570025444031,1.0]}},{"@class":"BoneInfo","index":1,"offset":{"values":[-0.9979590177536011,-0.04603400081396103,0.04426499828696251,0.0,0.0637739971280098,-0.7549690008163452,0.6526520252227783,0.0,0.0033740000799298288,0.6541429758071899,0.7563639879226685,0.0,-16.298368453979493,12.68106460571289,-12.671659469604493,1.0]}},{"@class":"BoneInfo","index":2,"offset":{"values":[-0.9979410171508789,-0.06379800289869309,0.006544000003486872,0.0,0.06374400109052658,-0.9979320168495178,-0.00825599953532219,0.0,0.0070569999516010288,-0.007821000181138516,0.9999439716339111,0.0,-16.302480697631837,48.56222152709961,-1.0892289876937867,1.0]}},{"@class":"BoneInfo","index":3,"offset":{"values":[-0.9930019974708557,-0.11809299886226654,0.0,0.0,0.11737599968910217,-0.9869719743728638,-0.11004199832677841,0.0,0.012994999997317791,-0.10927200317382813,0.993927001953125,0.0,-18.9012508392334,86.82801055908203,3.8717551231384279,1.0]}},{"@class":"BoneInfo","index":4,"offset":{"values":[-0.9983800053596497,0.0554720014333725,-0.012645999900996685,0.0,-0.011951000429689885,0.012853000313043595,0.9998459815979004,0.0,0.055626001209020618,0.9983779788017273,-0.01217000000178814,0.0,15.250923156738282,-17.61495018005371,-0.9091169834136963,1.0]}},{"@class":"BoneInfo","index":5,"offset":{"values":[-0.9979609847068787,0.0457409992814064,-0.04451899975538254,0.0,-0.06374499946832657,-0.7500330209732056,0.6583210229873657,0.0,-0.0032790000550448896,0.6598160266876221,0.7514200210571289,0.0,16.29767608642578,12.6307373046875,-12.715553283691407,1.0]}},{"@class":"BoneInfo","index":6,"offset":{"values":[-0.9979509711265564,0.06379500031471253,-0.004925999790430069,0.0,-0.06369099766016007,-0.9977880120277405,-0.019068000838160516,0.0,-0.006132000125944614,-0.01871499978005886,0.9998059868812561,0.0,16.300132751464845,48.57731628417969,-0.839389979839325,1.0]}},{"@class":"BoneInfo","index":7,"offset":{"values":[-0.9929819703102112,0.11826399713754654,0.0,0.0,-0.11772000044584274,-0.9884120225906372,-0.09582699835300446,0.0,-0.011332999914884568,-0.09515500068664551,0.9953979849815369,0.0,18.918344497680665,86.84246826171875,2.902899980545044,1.0]}},{"@class":"BoneInfo","index":8,"offset":{"values":[0.043143998831510547,-0.5721390247344971,0.8190209865570068,0.0,-0.06307099759578705,-0.8197090029716492,-0.5692970156669617,0.0,0.9970759749412537,-0.027094999328255655,-0.07145100086927414,0.0,6.308292865753174,42.266563415527347,91.75196838378906,1.0]}},{"@class":"BoneInfo","index":9,"offset":{"values":[0.043143998831510547,-0.6305850148200989,0.7749199867248535,0.0,-0.06307099759578705,-0.7758139967918396,-0.6278020143508911,0.0,0.9970759749412537,-0.021788999438285829,-0.07324399799108505,0.0,6.300477027893066,38.087303161621097,94.60106658935547,1.0]}},{"@class":"BoneInfo","index":10,"offset":{"values":[0.043143998831510547,-0.6732500195503235,0.7381550073623657,0.0,-0.06307099759578705,-0.739205002784729,-0.6705210208892822,0.0,0.9970759749412537,-0.01762700080871582,-0.07435499876737595,0.0,6.282278060913086,35.57777786254883,96.59696197509766,1.0]}},{"@class":"BoneInfo","index":11,"offset":{"values":[0.07927799969911576,-0.5777739882469177,0.8123369812965393,0.0,-0.013476000167429448,-0.8154489994049072,-0.5786719918251038,0.0,0.9967610239982605,0.034928999841213229,-0.0724330022931099,0.0,0.5636910200119019,39.074249267578128,93.46163940429688,1.0]}},{"@class":"BoneInfo","index":12,"offset":{"values":[0.07927799969911576,-0.5869860053062439,0.8057060241699219,0.0,-0.013476000167429448,-0.8088080286979675,-0.5879189968109131,0.0,0.9967610239982605,0.03575100004673004,-0.07203099876642227,0.0,0.5613390207290649,40.959529876708987,93.90043640136719,1.0]}},{"@class":"BoneInfo","index":13,"offset":{"values":[0.07927799969911576,-0.5622149705886841,0.823183000087738,0.0,-0.013476000167429448,-0.8263109922409058,-0.5630530118942261,0.0,0.9967610239982605,0.03354400023818016,-0.0730850026011467,0.0,0.5417420268058777,47.16019821166992,92.6115493774414,1.0]}},{"@class":"BoneInfo","index":14,"offset":{"values":[0.10418599843978882,-0.565322995185852,0.8182640075683594,0.0,0.02098100073635578,-0.8213080167770386,-0.5700979828834534,0.0,0.9943370223045349,0.0765639990568161,-0.07370699942111969,0.0,-4.676208972930908,39.45460510253906,93.33116912841797,1.0]}},{"@class":"BoneInfo","index":15,"offset":{"values":[0.10418599843978882,-0.5940719842910767,0.7976359724998474,0.0,0.02098100073635578,-0.8005099892616272,-0.5989519953727722,0.0,0.9943370223045349,0.07913699746131897,-0.07093700021505356,0.0,-4.684455871582031,39.26954650878906,94.67552947998047,1.0]}},{"@class":"BoneInfo","index":16,"offset":{"values":[0.10418599843978882,-0.7021369934082031,0.7043790221214294,0.0,0.02098100073635578,-0.7065240144729614,-0.7073779702186585,0.0,0.9943370223045349,0.0884770005941391,-0.05887800082564354,0.0,-4.673111915588379,28.565834045410158,99.32196807861328,1.0]}},{"@class":"BoneInfo","index":17,"offset":{"values":[0.17088299989700318,-0.5835769772529602,0.793874979019165,0.0,0.11438100039958954,-0.7885289788246155,-0.6042680144309998,0.0,0.978630006313324,0.1940629929304123,-0.06799600273370743,0.0,-13.562883377075196,36.24787139892578,93.47843933105469,1.0]}},{"@class":"BoneInfo","index":18,"offset":{"values":[0.17088299989700318,-0.5897179841995239,0.7893239855766296,0.0,0.11438100039958954,-0.7838169932365418,-0.6103670001029968,0.0,0.978630006313324,0.19458499550819398,-0.06648900359869003,0.0,-13.56386661529541,38.04056167602539,93.75685119628906,1.0]}},{"@class":"BoneInfo","index":19,"offset":{"values":[0.17088299989700318,-0.6105489730834961,0.7733229994773865,0.0,0.11438100039958954,-0.7672690153121948,-0.6310439705848694,0.0,0.978630006313324,0.19628800451755525,-0.061278000473976138,0.0,-13.54748821258545,38.283233642578128,94.73756408691406,1.0]}},{"@class":"BoneInfo","index":20,"offset":{"values":[0.5453119874000549,0.2992840111255646,0.7829840183258057,0.0,0.6894270181655884,-0.6914439797401428,-0.21585999429225923,0.0,0.4767859876155853,0.6575210094451904,-0.583387017250061,0.0,-49.206478118896487,66.84111022949219,59.880008697509769,1.0]}},{"@class":"BoneInfo","index":21,"offset":{"values":[0.5453119874000549,0.21753400564193726,0.8095149993896484,0.0,0.6894270181655884,-0.6657059788703919,-0.2855280041694641,0.0,0.4767859876155853,0.7138029932975769,-0.5129910111427307,0.0,-48.731929779052737,64.3472900390625,66.40966796875,1.0]}},{"@class":"BoneInfo","index":22,"offset":{"values":[0.5453119874000549,0.13593299686908723,0.8271380066871643,0.0,0.6894270181655884,-0.6340019702911377,-0.3503299951553345,0.0,0.4767859876155853,0.7612900137901306,-0.43944498896598818,0.0,-49.38059997558594,60.843379974365237,72.48097229003906,1.0]}},{"@class":"BoneInfo","index":23,"offset":{"values":[0.06949400156736374,-0.5879089832305908,0.8059359788894653,0.0,-0.02694600075483322,-0.8087009787559509,-0.5876020193099976,0.0,0.9972180128097534,0.01911900006234646,-0.07204200327396393,0.0,-0.5812159776687622,57.428680419921878,93.35334777832031,1.0]}},{"@class":"BoneInfo","index":24,"offset":{"values":[0.017170000821352006,-0.6517599821090698,0.758230984210968,0.0,0.021920999512076379,-0.7579150199890137,-0.6519849896430969,0.0,0.9996119737625122,0.02781599946320057,0.0012740000383928419,0.0,-7.713359832763672,72.08259582519531,97.44243621826172,1.0]}},{"@class":"BoneInfo","index":25,"offset":{"values":[0.0027340000960975887,-0.5981299877166748,0.8013949990272522,0.0,0.0025790000800043346,-0.8013910055160523,-0.5981360077857971,0.0,0.9999930262565613,0.003702000016346574,-0.0006489999941550195,0.0,-5.813125133514404,100.99321746826172,92.236572265625,1.0]}},{"@class":"BoneInfo","index":26,"offset":{"values":[0.0009820000268518925,-0.8589580059051514,0.5120450258255005,0.0,0.001534000039100647,-0.5120429992675781,-0.8589580059051514,0.0,0.9999979734420776,0.0016289999475702644,0.0008149999775923789,0.0,-5.694642066955566,68.53238677978516,123.82695007324219,1.0]}},{"@class":"BoneInfo","index":27,"offset":{"values":[0.06776800006628037,0.6746789813041687,-0.7349939942359924,0.0,0.02847599983215332,-0.7376959919929504,-0.6745330095291138,0.0,-0.997294008731842,0.024782000109553338,-0.06920500099658966,0.0,-4.663089752197266,29.583110809326173,96.59699249267578,1.0]}},{"@class":"BoneInfo","index":28,"offset":{"values":[0.06776800006628037,0.5802599787712097,-0.8116070032119751,0.0,0.02847599983215332,-0.8142709732055664,-0.5797860026359558,0.0,-0.9972950220108032,0.016179999336600305,-0.07170499861240387,0.0,-4.657867908477783,43.49105453491211,92.28099060058594,1.0]}},{"@class":"BoneInfo","index":29,"offset":{"values":[0.06776800006628037,0.617222011089325,-0.7838649749755859,0.0,0.02847599983215332,-0.7865480184555054,-0.616873025894165,0.0,-0.9972950220108032,0.01948300004005432,-0.0708789974451065,0.0,-4.645068168640137,41.987789154052737,94.19601440429688,1.0]}},{"@class":"BoneInfo","index":30,"offset":{"values":[0.05654900148510933,0.6176609992980957,-0.7844079732894898,0.0,0.04382599890232086,-0.7864440083503723,-0.6161050200462341,0.0,-0.9974370002746582,0.00046300000394694507,-0.07154200226068497,0.0,-1.9507639408111573,34.489234924316409,95.13388061523438,1.0]}},{"@class":"BoneInfo","index":31,"offset":{"values":[0.05654900148510933,0.581637978553772,-0.8114799857139587,0.0,0.04382599890232086,-0.8134430050849915,-0.5799909830093384,0.0,-0.9974370002746582,-0.0027660001069307329,-0.07148999720811844,0.0,-1.9542689323425294,41.74858474731445,93.48075103759766,1.0]}},{"@class":"BoneInfo","index":32,"offset":{"values":[0.05654900148510933,0.721593976020813,-0.690002977848053,0.0,0.04382599890232086,-0.6922370195388794,-0.720337986946106,0.0,-0.9974370002746582,0.010494000278413296,-0.07077000290155411,0.0,-1.936600923538208,26.909337997436525,99.58621215820313,1.0]}},{"@class":"BoneInfo","index":33,"offset":{"values":[0.09672100096940994,0.6281949877738953,-0.7720209956169128,0.0,-0.011338000185787678,-0.7749119997024536,-0.6319680213928223,0.0,-0.9952470064163208,0.0698779970407486,-0.06782799959182739,0.0,4.23916482925415,31.993213653564454,96.06683349609375,1.0]}},{"@class":"BoneInfo","index":34,"offset":{"values":[0.09672100096940994,0.5767350196838379,-0.8111850023269653,0.0,-0.011338000185787678,-0.8143150210380554,-0.5803120136260986,0.0,-0.9952470064163208,0.06532599776983261,-0.07222200185060501,0.0,4.24394416809082,41.01427459716797,93.78648376464844,1.0]}},{"@class":"BoneInfo","index":35,"offset":{"values":[0.09672100096940994,0.6701459884643555,-0.7358999848365784,0.0,-0.011338000185787678,-0.7385770082473755,-0.6740739941596985,0.0,-0.9952470064163208,0.07354100048542023,-0.06383799761533737,0.0,4.236659049987793,32.587547302246097,98.03993225097656,1.0]}},{"@class":"BoneInfo","index":36,"offset":{"values":[0.18191500008106233,0.6809030175209045,-0.7094209790229797,0.0,-0.13026399910449983,-0.6984130144119263,-0.7037410140037537,0.0,-0.9746479988098145,0.22043299674987794,-0.03835500031709671,0.0,14.296526908874512,23.478986740112306,97.48543548583985,1.0]}},{"@class":"BoneInfo","index":37,"offset":{"values":[0.18191500008106233,0.6144530177116394,-0.7676939964294434,0.0,-0.13026399910449983,-0.7587810158729553,-0.6381869912147522,0.0,-0.9746479988098145,0.21609899401664735,-0.057992998510599139,0.0,14.290507316589356,35.068580627441409,94.98347473144531,1.0]}},{"@class":"BoneInfo","index":38,"offset":{"values":[0.18191500008106233,0.5635020136833191,-0.8058369755744934,0.0,-0.13026399910449983,-0.7984780073165894,-0.5877619981765747,0.0,-0.9746479988098145,0.21189400553703309,-0.07185100018978119,0.0,14.296486854553223,44.09758758544922,92.51581573486328,1.0]}},{"@class":"BoneInfo","index":39,"offset":{"values":[0.5257179737091065,-0.1271509975194931,-0.8411030173301697,0.0,-0.6521139740943909,-0.6951519846916199,-0.3025070130825043,0.0,-0.5462309718132019,0.7075279951095581,-0.4483709931373596,0.0,47.55815124511719,59.1865234375,68.34494018554688,1.0]}},{"@class":"BoneInfo","index":40,"offset":{"values":[0.5257179737091065,-0.1763720065355301,-0.8321740031242371,0.0,-0.6521139740943909,-0.7117319703102112,-0.2611219882965088,0.0,-0.5462309718132019,0.6799489855766296,-0.48918500542640688,0.0,46.90264892578125,66.97310638427735,64.74771881103516,1.0]}},{"@class":"BoneInfo","index":41,"offset":{"values":[0.5257179737091065,-0.09674499928951264,-0.8451399803161621,0.0,-0.6521139740943909,-0.6837949752807617,-0.3273710012435913,0.0,-0.5462309718132019,0.7232329845428467,-0.42257100343704226,0.0,47.23955154418945,64.19586944580078,70.8010482788086,1.0]}},{"@class":"BoneInfo","index":42,"offset":{"values":[0.06470700353384018,0.589809000492096,-0.8049460053443909,0.0,0.03266900032758713,-0.8074560165405273,-0.5890219807624817,0.0,-0.9973689913749695,0.01181699987500906,-0.07151699811220169,0.0,0.21079400181770326,57.269046783447269,93.45361328125,1.0]}},{"@class":"BoneInfo","index":43,"offset":{"values":[0.01659500040113926,0.6517509818077087,-0.7582520246505737,0.0,-0.023101000115275384,-0.7579039931297302,-0.6519569754600525,0.0,-0.9995949864387512,0.028334999457001687,0.002478000009432435,0.0,7.866547107696533,72.07868957519531,97.4330062866211,1.0]}},{"@class":"BoneInfo","index":44,"offset":{"values":[0.003128000069409609,0.5981240272521973,-0.8013970255851746,0.0,-0.0050570000894367699,-0.8013820052146912,-0.5981320142745972,0.0,-0.9999819993972778,0.005923000164330006,0.0005179999861866236,0.0,6.09408712387085,100.98014068603516,92.22972869873047,1.0]}},{"@class":"BoneInfo","index":45,"offset":{"values":[-0.0028039999306201936,0.8589580059051514,-0.5120390057563782,0.0,-0.001521000056527555,-0.5120440125465393,-0.8589580059051514,0.0,-0.9999949932098389,-0.0016289999475702644,0.002741999924182892,0.0,5.69291877746582,68.55033874511719,123.81632995605469,1.0]}},{"@class":"BoneInfo","index":46,"offset":{"values":[1.0,-0.0,0.0,0.0,0.0,1.0,0.0,0.0,0.0,0.0,1.0,0.0,0.0,-150.6253204345703,-7.3264641761779789,1.0]}},{"@class":"BoneInfo","index":47,"offset":{"values":[1.0,0.0,-0.0,0.0,0.0,1.0,0.0,0.0,0.0,-0.0,1.0,0.0,0.0,-144.33485412597657,-5.473546028137207,1.0]}},{"@class":"BoneInfo","index":48,"offset":{"values":[1.0,0.0,-0.0,0.0,0.0,0.9999989867210388,0.0015109999803826213,0.0,0.0,-0.0015109999803826213,0.9999989867210388,0.0,0.0,-129.2126007080078,-5.691576957702637,1.0]}},{"@class":"BoneInfo","index":49,"offset":{"values":[1.0,0.0,-0.0,0.0,0.0,0.9999989867210388,0.0015109999803826213,0.0,0.0,-0.0015109999803826213,0.9999989867210388,0.0,0.0,-115.77812194824219,-5.691576957702637,1.0]}},{"@class":"BoneInfo","index":50,"offset":{"values":[1.0,0.0,-0.0,0.0,0.0,0.9999989867210388,0.0015109999803826213,0.0,0.0,-0.0015109999803826213,0.9999989867210388,0.0,0.0,-104.02294158935547,-5.691573143005371,1.0]}},{"@class":"BoneInfo","index":51,"offset":{"values":[1.0,0.0,-0.0,0.0,0.0,1.0,0.0,0.0,0.0,-0.0,1.0,0.0,0.0,-93.95556640625,-5.549649238586426,1.0]}}]}