{"@class":"BaseSkinController","id":{"uuid":"42D111DE-AEB8-460C-A674-BC2FE85B38FB"},"boneInfoCollection":[{"@class":"BoneInfo","index":0,"offset":{"values":[1.0,9.70587873171427e-24,-9.70587873171427e-24,0.0,9.70587873171427e-24,1.0,0.0,0.0,-9.70587873171427e-24,0.0,1.0,0.0,0.0,0.0,0.0,1.0]}},{"@class":"BoneInfo","index":1,"offset":{"values":[0.3884243965148926,0.9015658497810364,-0.19054006040096284,0.0,0.918391227722168,-0.3956732749938965,-2.9802318834981635e-8,0.0,-0.07539170980453491,-0.17499037086963654,-0.9816794395446777,0.0,-4.0477423667907719,-4.610217571258545,-2.028203248977661,1.0]}},{"@class":"BoneInfo","index":2,"offset":{"values":[0.6613425612449646,0.5761168003082275,0.480328768491745,0.0,0.6568516492843628,-0.7540201544761658,-1.7881399116959074e-7,0.0,0.3621772825717926,0.315504789352417,-0.8770886063575745,0.0,-3.34023118019104,1.406233787536621,-4.9007039070129398,1.0]}},{"@class":"BoneInfo","index":3,"offset":{"values":[0.2868604063987732,0.9443703293800354,-0.16086070239543916,0.0,0.9568309783935547,-0.2906457185745239,-3.7252917195473859e-8,0.0,-0.046753451228141788,-0.15391652286052705,-0.9869771599769592,0.0,-4.624764919281006,-4.803677082061768,-2.3513522148132326,1.0]}},{"@class":"BoneInfo","index":4,"offset":{"values":[0.3605954051017761,0.9220821261405945,0.14048472046852113,0.0,0.9313181042671204,-0.36420753598213198,6.332996349556197e-8,0.0,0.0511656180024147,0.13083595037460328,-0.990082859992981,0.0,-6.239098072052002,-2.1415598392486574,-4.548405170440674,1.0]}},{"@class":"BoneInfo","index":5,"offset":{"values":[0.04741934314370155,0.9970797896385193,0.05985474959015846,0.0,0.9988709688186646,-0.04750438779592514,-1.0034995767682631e-7,0.0,0.0028432661201804878,0.05978715419769287,-0.9982070326805115,0.0,-5.05947732925415,1.7841559648513795,-4.237386226654053,1.0]}},{"@class":"BoneInfo","index":6,"offset":{"values":[0.5074054598808289,0.43730226159095766,0.7425000667572022,0.0,0.6528399586677551,-0.757495641708374,-4.470347292340193e-8,0.0,0.5624406933784485,0.48473379015922549,-0.6698458194732666,0.0,-1.614713430404663,8.705307006835938,-3.4653706550598146,1.0]}},{"@class":"BoneInfo","index":7,"offset":{"values":[0.10086154192686081,0.9808605313301086,0.1665503829717636,0.0,0.9920459985733032,-0.08648113906383515,-0.09146325290203095,0.0,-0.07530918717384339,0.17445071041584016,-0.9817816615104675,0.0,-2.228344678878784,-3.080404281616211,-3.763148069381714,0.9999998807907105]}},{"@class":"BoneInfo","index":8,"offset":{"values":[0.22667965292930604,0.9726129770278931,-0.051387470215559009,0.0,0.9728633761405945,-0.22359302639961244,0.05952499806880951,0.0,0.046404898166656497,-0.06348609924316406,-0.9969033002853394,0.0,-4.708099842071533,-1.9142041206359864,-3.784055709838867,1.0]}},{"@class":"BoneInfo","index":9,"offset":{"values":[0.29228562116622927,0.8858009576797485,0.3604527711868286,0.0,0.8436864018440247,-0.4163108766078949,0.3389378488063812,0.0,0.4502917230129242,0.20504246652126313,-0.8690196871757507,0.0,-3.32889723777771,3.037663459777832,-7.096874237060547,1.0]}},{"@class":"BoneInfo","index":10,"offset":{"values":[0.21297937631607057,0.9526933431625366,0.21683166921138764,0.0,0.8739378452301025,-0.28498414158821108,0.39372214674949648,0.0,0.4368898868560791,0.10564268380403519,-0.8932900428771973,0.0,-4.005983352661133,1.4158823490142823,-8.449189186096192,1.0]}},{"@class":"BoneInfo","index":11,"offset":{"values":[0.021729085594415666,0.965522050857544,0.2594113051891327,0.0,0.9147071838378906,-0.12392963469028473,0.38464513421058657,0.0,0.40353232622146609,0.22892743349075318,-0.8858633041381836,0.0,-3.366558074951172,-1.6927566528320313,-7.0751495361328129,0.9999998807907105]}},{"@class":"BoneInfo","index":12,"offset":{"values":[0.21546223759651185,0.9329530596733093,-0.28839966654777529,0.0,0.8948736786842346,-0.07042782753705979,0.4407273232936859,0.0,0.3908666670322418,-0.35304147005081179,-0.8500499129295349,0.0,-4.736963272094727,-5.757681846618652,-4.750102519989014,0.9999998807907105]}},{"@class":"BoneInfo","index":13,"offset":{"values":[0.5819862484931946,0.8096103072166443,0.07631239295005799,0.0,0.7592074275016785,-0.5745720863342285,0.30573123693466189,0.0,0.2913702130317688,-0.11999452859163284,-0.9490547180175781,0.0,-6.6952223777771,-0.5871885418891907,-7.151913642883301,1.0]}},{"@class":"BoneInfo","index":14,"offset":{"values":[0.46738672256469729,0.6235398650169373,0.6266957521438599,0.0,0.8467013835906982,-0.5196078419685364,-0.11447468400001526,0.0,0.25425657629966738,0.5841280221939087,-0.7708100080490112,0.0,-6.78604793548584,6.012673854827881,-5.618335723876953,1.0]}},{"@class":"BoneInfo","index":15,"offset":{"values":[0.6559065580368042,0.5901735424995422,0.470618337392807,0.0,0.6479397416114807,-0.7600432634353638,0.050082266330718997,0.0,0.38724762201309206,0.27208298444747927,-0.8809144496917725,0.0,-4.071798324584961,8.556836128234864,-7.091345310211182,1.0]}},{"@class":"BoneInfo","index":16,"offset":{"values":[0.49563899636268618,0.7207678556442261,0.4845987558364868,0.0,0.8238699436187744,-0.5667793154716492,0.0003594757872633636,0.0,0.27491939067840578,0.3990682363510132,-0.8747366070747376,0.0,-6.940563201904297,5.1612868309021,-7.203000545501709,1.0]}},{"@class":"BoneInfo","index":17,"offset":{"values":[0.43815457820892336,0.8218691349029541,0.36407628655433657,0.0,0.863523006439209,-0.4973490834236145,0.0834970474243164,0.0,0.24969667196273805,0.2778036296367645,-0.9276188015937805,0.0,-7.488565444946289,2.5853805541992189,-8.528157234191895,1.0]}},{"@class":"BoneInfo","index":18,"offset":{"values":[0.3730577826499939,0.8420707583427429,0.3895450830459595,0.0,0.8864116668701172,-0.4474911391735077,0.11843563616275788,0.0,0.274048775434494,0.3011140525341034,-0.9133606553077698,0.0,-7.053677082061768,5.811467170715332,-8.705665588378907,1.0]}},{"@class":"BoneInfo","index":19,"offset":{"values":[0.36896663904190066,0.9247844815254211,0.09293441474437714,0.0,0.8883280754089356,-0.3802880346775055,0.25739866495132449,0.0,0.27338021993637087,-0.012415287084877491,-0.961825966835022,0.0,-6.742105960845947,2.913503885269165,-10.805630683898926,1.0]}},{"@class":"BoneInfo","index":20,"offset":{"values":[0.42306533455848696,0.8684608340263367,0.2584401071071625,0.0,0.8594435453414917,-0.474956750869751,0.18913713097572328,0.0,0.28700610995292666,0.14209729433059693,-0.9473309516906738,0.0,-6.969128131866455,2.255786657333374,-10.136293411254883,0.9999999403953552]}},{"@class":"BoneInfo","index":21,"offset":{"values":[0.5491843819618225,0.8229079246520996,0.14566801488399507,0.0,0.7817133665084839,-0.5674759745597839,0.25864115357398989,0.0,0.29550090432167055,-0.02817099541425705,-0.9549270868301392,0.0,-6.264732837677002,1.4400811195373536,-11.03864860534668,1.0]}},{"@class":"BoneInfo","index":22,"offset":{"values":[0.5880281329154968,0.8026043772697449,0.10024356096982956,0.0,0.753963053226471,-0.5887787342071533,0.2913399040699005,0.0,0.29285189509391787,-0.09573601931333542,-0.9513528347015381,0.0,-5.484285831451416,1.1045502424240113,-11.363173484802246,1.0]}},{"@class":"BoneInfo","index":23,"offset":{"values":[0.7139581441879273,0.6842445731163025,-0.1485683172941208,0.0,0.6551459431648254,-0.57794588804245,0.4865815341472626,0.0,0.2470758557319641,-0.4447324872016907,-0.8609095215797424,0.0,-4.056158542633057,-3.117482900619507,-10.438746452331543,0.9999998807907105]}},{"@class":"BoneInfo","index":24,"offset":{"values":[0.8307314515113831,0.5565235018730164,0.01296423189342022,0.0,0.5551320314407349,-0.8264710903167725,-0.09367833286523819,0.0,-0.041419971734285358,0.08501846343278885,-0.9955182075500488,0.0,-6.502850532531738,6.07106351852417,-8.675151824951172,1.0]}},{"@class":"BoneInfo","index":25,"offset":{"values":[0.9325384497642517,0.3371012806892395,-0.1293572634458542,0.0,0.35661718249320986,-0.915985643863678,0.18383093178272248,0.0,-0.0565207339823246,-0.21756042540073396,-0.9744086265563965,0.0,-4.58950138092041,4.262953281402588,-10.86259651184082,1.0]}},{"@class":"BoneInfo","index":26,"offset":{"values":[0.8400494456291199,0.5341962575912476,0.09461214393377304,0.0,0.5421136021614075,-0.8332386016845703,-0.10874981433153153,0.0,0.020740611478686334,0.14264577627182008,-0.9895564317703247,0.0,-5.1217193603515629,6.094336986541748,-9.411208152770996,1.0]}},{"@class":"BoneInfo","index":27,"offset":{"values":[0.7388668060302734,0.662519633769989,-0.12306058406829834,0.0,0.6733294725418091,-0.7186891436576843,0.1735331118106842,0.0,0.026526791974902154,-0.21107812225818635,-0.9771093130111694,0.0,-6.533843994140625,3.9149231910705568,-10.465060234069825,1.0]}}]}