{
    "@class": "BaseSkinController",
    "id": {
        "uuid": "6BB49561-CF57-4ACB-A7C6-945086D78A21"
    },
    "boneInfoCollection": [
        {
            "@class": "BoneInfo",
            "index": 0,
            "offset": {
                "values": [
                    -9.99999993922529e-9,
                    4.999999703159119e-8,
                    -1.0,
                    0.0,
                    -0.7716504335403442,
                    -0.6360469460487366,
                    -2.999999892949745e-8,
                    0.0,
                    -0.63604736328125,
                    0.7716500163078308,
                    4.999999703159119e-8,
                    0.0,
                    0.08705360442399979,
                    -0.17588520050048829,
                    8.579632759094239,
                    1.0
                ]
            }
        },
        {
            "@class": "BoneInfo",
            "index": 1,
            "offset": {
                "values": [
                    -9.99999993922529e-9,
                    4.999999703159119e-8,
                    -1.0,
                    0.0,
                    -0.7716500163078308,
                    -0.6360480189323425,
                    -2.999999892949745e-8,
                    0.0,
                    -0.6360480189323425,
                    0.7716500163078308,
                    4.999999703159119e-8,
                    0.0,
                    0.08705370128154755,
                    -0.1758878231048584,
                    8.002632141113282,
                    1.0
                ]
            }
        },
        {
            "@class": "BoneInfo",
            "index": 2,
            "offset": {
                "values": [
                    -9.99999993922529e-9,
                    4.999999703159119e-8,
                    -1.0,
                    0.0,
                    -0.7716500163078308,
                    -0.6360480189323425,
                    -2.999999892949745e-8,
                    0.0,
                    -0.6360480189323425,
                    0.7716500163078308,
                    3.999999975690116e-8,
                    0.0,
                    0.08705370128154755,
                    -0.1758878231048584,
                    7.425633430480957,
                    1.0
                ]
            }
        },
        {
            "@class": "BoneInfo",
            "index": 3,
            "offset": {
                "values": [
                    -9.99999993922529e-9,
                    5.99999978589949e-8,
                    -1.0,
                    0.0,
                    -0.7716500163078308,
                    -0.6360469460487366,
                    -2.999999892949745e-8,
                    0.0,
                    -0.6360469460487366,
                    0.7716500163078308,
                    4.999999703159119e-8,
                    0.0,
                    0.08705160766839981,
                    -0.17588520050048829,
                    6.848630905151367,
                    1.0
                ]
            }
        },
        {
            "@class": "BoneInfo",
            "index": 4,
            "offset": {
                "values": [
                    -9.99999993922529e-9,
                    4.999999703159119e-8,
                    -1.0,
                    0.0,
                    -0.7716500163078308,
                    -0.6360469460487366,
                    -2.999999892949745e-8,
                    0.0,
                    -0.6360469460487366,
                    0.7716500163078308,
                    4.999999703159119e-8,
                    0.0,
                    0.08705160766839981,
                    -0.17588520050048829,
                    6.271633148193359,
                    1.0
                ]
            }
        },
        {
            "@class": "BoneInfo",
            "index": 5,
            "offset": {
                "values": [
                    -9.99999993922529e-9,
                    4.999999703159119e-8,
                    -1.0,
                    0.0,
                    -0.7716504335403442,
                    -0.6360469460487366,
                    -2.999999892949745e-8,
                    0.0,
                    -0.63604736328125,
                    0.7716500163078308,
                    4.999999703159119e-8,
                    0.0,
                    0.08705360442399979,
                    -0.17588520050048829,
                    5.694633483886719,
                    1.0
                ]
            }
        },
        {
            "@class": "BoneInfo",
            "index": 6,
            "offset": {
                "values": [
                    -9.99999993922529e-9,
                    4.999999703159119e-8,
                    -1.0,
                    0.0,
                    -0.7716500163078308,
                    -0.6360480189323425,
                    -2.999999892949745e-8,
                    0.0,
                    -0.6360480189323425,
                    0.7716500163078308,
                    4.999999703159119e-8,
                    0.0,
                    0.08705370128154755,
                    -0.1758878231048584,
                    5.117631912231445,
                    1.0
                ]
            }
        },
        {
            "@class": "BoneInfo",
            "index": 7,
            "offset": {
                "values": [
                    -9.99999993922529e-9,
                    4.999999703159119e-8,
                    -1.0,
                    0.0,
                    -0.7716504335403442,
                    -0.6360469460487366,
                    -2.999999892949745e-8,
                    0.0,
                    -0.63604736328125,
                    0.7716500163078308,
                    4.999999703159119e-8,
                    0.0,
                    0.08705360442399979,
                    -0.17588520050048829,
                    4.540632247924805,
                    1.0
                ]
            }
        },
        {
            "@class": "BoneInfo",
            "index": 8,
            "offset": {
                "values": [
                    -9.99999993922529e-9,
                    4.999999703159119e-8,
                    -1.0,
                    0.0,
                    -0.7716504335403442,
                    -0.6360469460487366,
                    -2.999999892949745e-8,
                    0.0,
                    -0.63604736328125,
                    0.7716500163078308,
                    4.999999703159119e-8,
                    0.0,
                    0.08705360442399979,
                    -0.17588520050048829,
                    3.963632583618164,
                    1.0
                ]
            }
        },
        {
            "@class": "BoneInfo",
            "index": 9,
            "offset": {
                "values": [
                    -3.999999975690116e-8,
                    9.99999993922529e-9,
                    -1.0,
                    0.0,
                    -0.7716504335403442,
                    -0.6360469460487366,
                    2.999999892949745e-8,
                    0.0,
                    -0.63604736328125,
                    0.7716500163078308,
                    2.999999892949745e-8,
                    0.0,
                    0.08705446124076843,
                    -0.17588424682617188,
                    3.386631965637207,
                    1.0
                ]
            }
        },
        {
            "@class": "BoneInfo",
            "index": 10,
            "offset": {
                "values": [
                    -3.999999975690116e-8,
                    4.999999703159119e-8,
                    -1.0,
                    0.0,
                    -0.7716500163078308,
                    -0.6360480189323425,
                    0.0,
                    0.0,
                    -0.6360480189323425,
                    0.7716500163078308,
                    5.99999978589949e-8,
                    0.0,
                    0.08705455809831619,
                    -0.1758866310119629,
                    2.8096323013305666,
                    1.0
                ]
            }
        },
        {
            "@class": "BoneInfo",
            "index": 11,
            "offset": {
                "values": [
                    3.999999975690116e-8,
                    9.999999406318239e-8,
                    -1.0,
                    0.0,
                    -0.7716500163078308,
                    -0.6360480189323425,
                    -9.999999406318239e-8,
                    0.0,
                    -0.6360480189323425,
                    0.7716500163078308,
                    4.999999703159119e-8,
                    0.0,
                    0.08705395460128784,
                    -0.1758875846862793,
                    2.232633113861084,
                    1.0
                ]
            }
        },
        {
            "@class": "BoneInfo",
            "index": 12,
            "offset": {
                "values": [
                    -5.99999978589949e-8,
                    9.99999993922529e-9,
                    -1.0,
                    0.0,
                    -0.7716504335403442,
                    -0.6360469460487366,
                    3.999999975690116e-8,
                    0.0,
                    -0.63604736328125,
                    0.7716500163078308,
                    4.999999703159119e-8,
                    0.0,
                    0.08705435693264008,
                    -0.17588424682617188,
                    1.655632495880127,
                    1.0
                ]
            }
        },
        {
            "@class": "BoneInfo",
            "index": 13,
            "offset": {
                "values": [
                    4.199999921183917e-7,
                    3.6000000136482415e-7,
                    -1.0,
                    0.0,
                    -0.7716504335403442,
                    -0.6360469460487366,
                    -5.499999815583578e-7,
                    0.0,
                    -0.63604736328125,
                    0.7716500163078308,
                    9.99999993922529e-9,
                    0.0,
                    0.08705373853445053,
                    -0.17588472366333009,
                    1.0786328315734864,
                    1.0
                ]
            }
        },
        {
            "@class": "BoneInfo",
            "index": 14,
            "offset": {
                "values": [
                    -9.000000034120603e-8,
                    1.999999987845058e-8,
                    -1.0,
                    0.0,
                    -0.7716500163078308,
                    -0.6360469460487366,
                    5.99999978589949e-8,
                    0.0,
                    -0.6360469460487366,
                    0.7716500163078308,
                    6.999999868639861e-8,
                    0.0,
                    0.08705121278762818,
                    -0.17588424682617188,
                    0.5016322135925293,
                    1.0
                ]
            }
        },
        {
            "@class": "BoneInfo",
            "index": 15,
            "offset": {
                "values": [
                    -1.2999998943996617e-7,
                    -5.99999978589949e-8,
                    -1.0,
                    0.0,
                    -0.7716500163078308,
                    -0.6360480189323425,
                    1.3999999737279723e-7,
                    0.0,
                    -0.6360480189323425,
                    0.7716500163078308,
                    3.999999975690116e-8,
                    0.0,
                    0.08705411106348038,
                    -0.1758871078491211,
                    -0.07536745071411133,
                    1.0
                ]
            }
        },
        {
            "@class": "BoneInfo",
            "index": 16,
            "offset": {
                "values": [
                    -1.999999987845058e-8,
                    5.99999978589949e-8,
                    -1.0,
                    0.0,
                    -0.7716500163078308,
                    -0.6360469460487366,
                    -2.999999892949745e-8,
                    0.0,
                    -0.6360469460487366,
                    0.7716500163078308,
                    5.99999978589949e-8,
                    0.0,
                    0.08705155551433563,
                    -0.17588400840759278,
                    -0.6523680686950684,
                    1.0
                ]
            }
        },
        {
            "@class": "BoneInfo",
            "index": 17,
            "offset": {
                "values": [
                    -3.999999975690116e-8,
                    1.999999987845058e-8,
                    -1.0,
                    0.0,
                    -0.7716500163078308,
                    -0.6360469460487366,
                    1.999999987845058e-8,
                    0.0,
                    -0.6360469460487366,
                    0.7716500163078308,
                    3.999999975690116e-8,
                    0.0,
                    0.08705145865678787,
                    -0.17588424682617188,
                    -1.229367733001709,
                    1.0
                ]
            }
        },
        {
            "@class": "BoneInfo",
            "index": 18,
            "offset": {
                "values": [
                    9.99999993922529e-9,
                    6.999999868639861e-8,
                    -1.0,
                    0.0,
                    -0.7716500163078308,
                    -0.6360480189323425,
                    -4.999999703159119e-8,
                    0.0,
                    -0.6360480189323425,
                    0.7716500163078308,
                    4.999999703159119e-8,
                    0.0,
                    0.0870538055896759,
                    -0.1758866310119629,
                    -1.806368112564087,
                    1.0
                ]
            }
        },
        {
            "@class": "BoneInfo",
            "index": 19,
            "offset": {
                "values": [
                    -5.99999978589949e-8,
                    9.99999993922529e-9,
                    -1.0,
                    0.0,
                    -0.7716500163078308,
                    -0.6360480189323425,
                    3.999999975690116e-8,
                    0.0,
                    -0.6360480189323425,
                    0.7716500163078308,
                    4.999999703159119e-8,
                    0.0,
                    0.08705446124076843,
                    -0.175886869430542,
                    -2.3833675384521486,
                    1.0
                ]
            }
        },
        {
            "@class": "BoneInfo",
            "index": 20,
            "offset": {
                "values": [
                    0.0,
                    6.999999868639861e-8,
                    -1.0,
                    0.0,
                    -0.7716500163078308,
                    -0.6360469460487366,
                    -4.999999703159119e-8,
                    0.0,
                    -0.6360469460487366,
                    0.7716500163078308,
                    4.999999703159119e-8,
                    0.0,
                    0.08705165982246399,
                    -0.17588400840759278,
                    -2.9603681564331056,
                    1.0
                ]
            }
        },
        {
            "@class": "BoneInfo",
            "index": 21,
            "offset": {
                "values": [
                    7.999999951380232e-8,
                    1.199999957179898e-7,
                    -1.0,
                    0.0,
                    -0.7716494798660278,
                    -0.6360480189323425,
                    -1.3999999737279723e-7,
                    0.0,
                    -0.6360476016998291,
                    0.7716500163078308,
                    4.999999703159119e-8,
                    0.0,
                    0.08705215156078339,
                    -0.1758863925933838,
                    -3.537368059158325,
                    1.0
                ]
            }
        },
        {
            "@class": "BoneInfo",
            "index": 22,
            "offset": {
                "values": [
                    -9.99999993922529e-9,
                    3.999999975690116e-8,
                    -1.0,
                    0.0,
                    -0.7716504335403442,
                    -0.6360469460487366,
                    -1.999999987845058e-8,
                    0.0,
                    -0.63604736328125,
                    0.7716500163078308,
                    3.999999975690116e-8,
                    0.0,
                    0.08705360442399979,
                    -0.17588400840759278,
                    -4.114367485046387,
                    1.0
                ]
            }
        },
        {
            "@class": "BoneInfo",
            "index": 23,
            "offset": {
                "values": [
                    -2.999999892949745e-8,
                    3.999999975690116e-8,
                    -1.0,
                    0.0,
                    -0.7716500163078308,
                    -0.6360480189323425,
                    0.0,
                    0.0,
                    -0.6360480189323425,
                    0.7716500163078308,
                    4.999999703159119e-8,
                    0.0,
                    0.08705360442399979,
                    -0.1758866310119629,
                    -4.6913676261901859,
                    1.0
                ]
            }
        },
        {
            "@class": "BoneInfo",
            "index": 24,
            "offset": {
                "values": [
                    -1.999999987845058e-8,
                    4.999999703159119e-8,
                    -1.0,
                    0.0,
                    -0.7716504335403442,
                    -0.6360469460487366,
                    -9.99999993922529e-9,
                    0.0,
                    -0.63604736328125,
                    0.7716500163078308,
                    4.999999703159119e-8,
                    0.0,
                    0.08705355226993561,
                    -0.17588400840759278,
                    -5.268366813659668,
                    1.0
                ]
            }
        },
        {
            "@class": "BoneInfo",
            "index": 25,
            "offset": {
                "values": [
                    -1.999999987845058e-8,
                    4.999999703159119e-8,
                    -1.0,
                    0.0,
                    -0.7716504335403442,
                    -0.6360469460487366,
                    -1.999999987845058e-8,
                    0.0,
                    -0.63604736328125,
                    0.7716500163078308,
                    4.999999703159119e-8,
                    0.0,
                    0.08705355226993561,
                    -0.17588400840759278,
                    -5.845367431640625,
                    1.0
                ]
            }
        },
        {
            "@class": "BoneInfo",
            "index": 26,
            "offset": {
                "values": [
                    2.999999892949745e-8,
                    7.999999951380232e-8,
                    -1.0,
                    0.0,
                    -0.7716500163078308,
                    -0.6360480189323425,
                    -6.999999868639861e-8,
                    0.0,
                    -0.6360480189323425,
                    0.7716500163078308,
                    3.999999975690116e-8,
                    0.0,
                    0.08705390244722367,
                    -0.1758863925933838,
                    -6.422368049621582,
                    1.0
                ]
            }
        },
        {
            "@class": "BoneInfo",
            "index": 27,
            "offset": {
                "values": [
                    -9.99999993922529e-9,
                    4.999999703159119e-8,
                    -1.0,
                    0.0,
                    -0.7716504335403442,
                    -0.6360469460487366,
                    -1.999999987845058e-8,
                    0.0,
                    -0.63604736328125,
                    0.7716500163078308,
                    4.999999703159119e-8,
                    0.0,
                    0.08705360442399979,
                    -0.17588400840759278,
                    -6.999367713928223,
                    1.0
                ]
            }
        },
        {
            "@class": "BoneInfo",
            "index": 28,
            "offset": {
                "values": [
                    1.999999987845058e-8,
                    6.999999868639861e-8,
                    -1.0,
                    0.0,
                    -0.7716500163078308,
                    -0.6360480189323425,
                    -5.99999978589949e-8,
                    0.0,
                    -0.6360480189323425,
                    0.7716500163078308,
                    4.999999703159119e-8,
                    0.0,
                    0.08705385029315949,
                    -0.1758866310119629,
                    -7.57636833190918,
                    1.0
                ]
            }
        },
        {
            "@class": "BoneInfo",
            "index": 29,
            "offset": {
                "values": [
                    -9.99999993922529e-9,
                    -9.99999993922529e-9,
                    -1.0,
                    0.0,
                    -0.7716504335403442,
                    -0.6360469460487366,
                    9.99999993922529e-9,
                    0.0,
                    -0.63604736328125,
                    0.7716500163078308,
                    0.0,
                    0.0,
                    0.08705360442399979,
                    -0.17588424682617188,
                    -8.15336799621582,
                    1.0
                ]
            }
        }
    ]
}