{"@class":"BaseSkinController","id":{"uuid":"97B9F3C0-29E6-40AF-BA74-AB7264D3F139"},"boneInfoCollection":[{"@class":"BoneInfo","index":0,"offset":{"values":[1.0,0.0,0.0,0.0,0.0,0.9999989867210388,0.001510599977336824,0.0,0.0,-0.001510599977336824,0.9999989867210388,0.0,0.0,-104.02294158935547,-5.691573143005371,1.0]}},{"@class":"BoneInfo","index":1,"offset":{"values":[1.0,0.0,0.0,0.0,0.0,1.0,0.0,0.0,0.0,0.0,1.0,0.0,0.0,-93.95556640625,-5.549650192260742,1.0]}},{"@class":"BoneInfo","index":2,"offset":{"values":[1.0,0.0,0.0,0.0,0.0,0.9999989867210388,0.0015106399077922106,0.0,0.0,-0.0015106399077922106,0.9999989867210388,0.0,0.0,-129.2126007080078,-5.691576957702637,1.0]}},{"@class":"BoneInfo","index":3,"offset":{"values":[0.016594989225268365,0.6517509818077087,-0.7582510709762573,0.0,-0.023100480437278749,-0.757902979850769,-0.6519578695297241,0.0,-0.9995949864387512,0.028335198760032655,0.002478369977325201,0.0,7.866542816162109,72.07862091064453,97.43302917480469,1.0]}},{"@class":"BoneInfo","index":4,"offset":{"values":[0.003127699950709939,0.5981239676475525,-0.8013973236083984,0.0,-0.005056890193372965,-0.8013820648193359,-0.598131537437439,0.0,-0.9999819993972778,0.005923359654843807,0.0005181599990464747,0.0,6.094088077545166,100.98014831542969,92.22964477539063,1.0]}},{"@class":"BoneInfo","index":5,"offset":{"values":[-0.0028036099392920734,0.8589577078819275,-0.5120382905006409,0.0,-0.0015211899299174548,-0.5120434165000916,-0.858957827091217,0.0,-0.9999949336051941,-0.0016292799264192582,0.0027422099374234678,0.0,5.69291877746582,68.5503158569336,123.81635284423828,1.0]}},{"@class":"BoneInfo","index":6,"offset":{"values":[1.0,0.0,0.0,0.0,0.0,0.9999989867210388,0.0015106399077922106,0.0,0.0,-0.0015106399077922106,0.9999989867210388,0.0,0.0,-115.77812194824219,-5.691576957702637,1.0]}},{"@class":"BoneInfo","index":7,"offset":{"values":[1.0,0.0,0.0,0.0,0.0,1.0,0.0,0.0,0.0,0.0,1.0,0.0,0.0,-144.3348388671875,-5.473546028137207,1.0]}},{"@class":"BoneInfo","index":8,"offset":{"values":[0.002733950037509203,-0.59812992811203,0.8013940453529358,0.0,0.0025787099730223419,-0.8013900518417358,-0.5981358885765076,0.0,0.9999929666519165,0.003701829817146063,-0.0006485600024461746,0.0,-5.813124179840088,100.99314880371094,92.23663330078125,1.0]}},{"@class":"BoneInfo","index":9,"offset":{"values":[0.0009820699924603105,-0.8589581251144409,0.5120454430580139,0.0,0.00153438001871109,-0.5120437741279602,-0.85895836353302,0.0,0.9999979734420776,0.0016292298678308726,0.0008150999783538282,0.0,-5.694642066955566,68.53248596191406,123.82693481445313,1.0]}},{"@class":"BoneInfo","index":10,"offset":{"values":[1.0,0.0,0.0,0.0,0.0,1.0,9.99999993922529e-9,0.0,0.0,-9.99999993922529e-9,1.0,0.0,0.0,-150.6252899169922,-7.3264641761779789,1.0]}},{"@class":"BoneInfo","index":11,"offset":{"values":[-0.9930030107498169,-0.11809299886226654,0.0,0.0,0.11737586557865143,-0.9869719743728638,-0.11004199832677841,0.0,0.012995189987123013,-0.10927198082208634,0.993927001953125,0.0,-18.901206970214845,86.82801818847656,3.871756076812744,1.0]}},{"@class":"BoneInfo","index":12,"offset":{"values":[-0.992982029914856,0.11826499551534653,0.0,0.0,-0.11772076040506363,-0.9884120225906372,-0.09582749754190445,0.0,-0.011333039961755276,-0.09515494853258133,0.9953979849815369,0.0,18.918378829956056,86.84246826171875,2.902899980545044,1.0]}},{"@class":"BoneInfo","index":13,"offset":{"values":[0.017170149832963945,-0.6517612338066101,0.7582297325134277,0.0,0.02192101813852787,-0.7579147815704346,-0.6519852876663208,0.0,0.9996119737625122,0.02781589888036251,0.0012737599899992347,0.0,-7.713351249694824,72.08251953125,97.44251251220703,1.0]}},{"@class":"BoneInfo","index":14,"offset":{"values":[0.06949546933174133,-0.5879348516464233,0.8059170842170715,0.0,-0.02694866992533207,-0.8086820840835571,-0.5876278281211853,0.0,0.9972180128097534,0.019119078293442727,-0.07204379886388779,0.0,-0.5808699727058411,57.4256706237793,93.35520935058594,1.0]}},{"@class":"BoneInfo","index":15,"offset":{"values":[0.5453118681907654,0.1359322965145111,0.8271381258964539,0.0,0.6894270777702332,-0.6340020895004273,-0.3503304719924927,0.0,0.47678592801094057,0.7612907886505127,-0.4394444525241852,0.0,-49.38060760498047,60.8433952331543,72.48101806640625,1.0]}},{"@class":"BoneInfo","index":16,"offset":{"values":[0.04314437881112099,-0.6732504367828369,0.7381547093391419,0.0,-0.06307101994752884,-0.7392045259475708,-0.6705211997032166,0.0,0.9970760345458984,-0.01762695051729679,-0.0743551105260849,0.0,6.282275199890137,35.57771301269531,96.59697723388672,1.0]}},{"@class":"BoneInfo","index":17,"offset":{"values":[0.5453120470046997,0.2175338864326477,0.8095139861106873,0.0,0.6894266605377197,-0.6657059192657471,-0.2855280935764313,0.0,0.47678637504577639,0.7138031125068665,-0.5129908919334412,0.0,-48.731895446777347,64.34727478027344,66.40968322753906,1.0]}},{"@class":"BoneInfo","index":18,"offset":{"values":[0.17088313400745393,-0.6105501651763916,0.7733225226402283,0.0,0.11438073962926865,-0.7672680616378784,-0.6310445666313171,0.0,0.9786299467086792,0.1962880790233612,-0.06127795949578285,0.0,-13.547456741333008,38.2830924987793,94.73758697509766,1.0]}},{"@class":"BoneInfo","index":19,"offset":{"values":[0.07927796989679337,-0.5622144341468811,0.8231830596923828,0.0,-0.013476179912686348,-0.8263113498687744,-0.5630528926849365,0.0,0.9967610239982605,0.033544350415468219,-0.07308479398488999,0.0,0.5417389869689941,47.16026306152344,92.61154174804688,1.0]}},{"@class":"BoneInfo","index":20,"offset":{"values":[0.10418562591075897,-0.7021370530128479,0.7043781876564026,0.0,0.02098112925887108,-0.7065239548683167,-0.7073778510093689,0.0,0.9943369626998901,0.08847729116678238,-0.05887791886925697,0.0,-4.673122882843018,28.565837860107423,99.32196044921875,1.0]}},{"@class":"BoneInfo","index":21,"offset":{"values":[0.5453119277954102,0.29928380250930788,0.7829838991165161,0.0,0.689426839351654,-0.691443920135498,-0.21585983037948609,0.0,0.47678619623184206,0.65752112865448,-0.5833871364593506,0.0,-49.20647048950195,66.84109497070313,59.87998580932617,1.0]}},{"@class":"BoneInfo","index":22,"offset":{"values":[0.17088337242603303,-0.5897190570831299,0.7893224358558655,0.0,0.11438091844320297,-0.7838162183761597,-0.6103677749633789,0.0,0.9786298871040344,0.19458508491516114,-0.06648850440979004,0.0,-13.563840866088868,38.04043197631836,93.75688171386719,1.0]}},{"@class":"BoneInfo","index":23,"offset":{"values":[0.10418551415205002,-0.5940703749656677,0.7976378202438355,0.0,0.020981188863515855,-0.8005112409591675,-0.5989508032798767,0.0,0.9943370819091797,0.07913735508918762,-0.07093732059001923,0.0,-4.684487819671631,39.269718170166019,94.67548370361328,1.0]}},{"@class":"BoneInfo","index":24,"offset":{"values":[0.17088298499584199,-0.5835778713226318,0.7938744425773621,0.0,0.11438070982694626,-0.788528323173523,-0.6042687892913818,0.0,0.9786300659179688,0.19406306743621827,-0.06799600273370743,0.0,-13.56286334991455,36.247764587402347,93.47850036621094,1.0]}},{"@class":"BoneInfo","index":25,"offset":{"values":[0.10418559610843659,-0.5653218030929565,0.8182637095451355,0.0,0.02098117023706436,-0.8213087916374207,-0.5700969099998474,0.0,0.9943369626998901,0.07656398415565491,-0.07370739430189133,0.0,-4.676236152648926,39.454734802246097,93.33112335205078,1.0]}},{"@class":"BoneInfo","index":26,"offset":{"values":[0.07927807420492172,-0.5869863629341126,0.8057058453559876,0.0,-0.013476240448653698,-0.8088077306747437,-0.5879191756248474,0.0,0.9967619776725769,0.035751231014728549,-0.07203098386526108,0.0,0.5613470077514648,40.9594841003418,93.90045928955078,1.0]}},{"@class":"BoneInfo","index":27,"offset":{"values":[0.07927805930376053,-0.5777738690376282,0.8123372197151184,0.0,-0.013476179912686348,-0.815449059009552,-0.5786716341972351,0.0,0.9967610239982605,0.034928787499666217,-0.07243341952562332,0.0,0.5636919736862183,39.07426834106445,93.46161651611328,1.0]}},{"@class":"BoneInfo","index":28,"offset":{"values":[0.04314437881112099,-0.5721390843391419,0.8190209269523621,0.0,-0.06307099014520645,-0.8197089433670044,-0.5692971348762512,0.0,0.9970760345458984,-0.027094490826129915,-0.07145120203495026,0.0,6.308291912078857,42.26655578613281,91.75196075439453,1.0]}},{"@class":"BoneInfo","index":29,"offset":{"values":[0.04314441978931427,-0.6305848360061646,0.7749204635620117,0.0,-0.06307093799114227,-0.7758141160011292,-0.6278013586997986,0.0,0.9970760345458984,-0.0217888206243515,-0.07324367761611939,0.0,6.300473213195801,38.08732986450195,94.60104370117188,1.0]}},{"@class":"BoneInfo","index":30,"offset":{"values":[0.0647067204117775,0.5898092985153198,-0.8049461245536804,0.0,0.03266938775777817,-0.8074557185173035,-0.5890227556228638,0.0,-0.9973689913749695,0.011816630139946938,-0.07151659578084946,0.0,0.21079500019550324,57.26898956298828,93.45359802246094,1.0]}},{"@class":"BoneInfo","index":31,"offset":{"values":[0.525718092918396,-0.09674445539712906,-0.8451399803161621,0.0,-0.6521137356758118,-0.6837949156761169,-0.3273720443248749,0.0,-0.5462302565574646,0.7232330441474915,-0.42257189750671389,0.0,47.239524841308597,64.19585418701172,70.80107116699219,1.0]}},{"@class":"BoneInfo","index":32,"offset":{"values":[0.5257182717323303,-0.1763719767332077,-0.8321740031242371,0.0,-0.6521143913269043,-0.711732029914856,-0.26112186908721926,0.0,-0.5462302565574646,0.6799490451812744,-0.4891851246356964,0.0,46.90266036987305,66.97309875488281,64.74769592285156,1.0]}},{"@class":"BoneInfo","index":33,"offset":{"values":[0.18191500008106233,0.5635015964508057,-0.8058366775512695,0.0,-0.1302637904882431,-0.7984775304794312,-0.5877624154090881,0.0,-0.9746480584144592,0.21189405024051667,-0.07185118645429611,0.0,14.296470642089844,44.09751892089844,92.51583099365235,1.0]}},{"@class":"BoneInfo","index":34,"offset":{"values":[0.0677684098482132,0.6172217130661011,-0.7838650345802307,0.0,0.02847639098763466,-0.7865481376647949,-0.6168719530105591,0.0,-0.9972949624061585,0.019482778385281564,-0.07087930291891098,0.0,-4.645068168640137,41.987823486328128,94.19601440429688,1.0]}},{"@class":"BoneInfo","index":35,"offset":{"values":[0.05654897913336754,0.7215939164161682,-0.690002977848053,0.0,0.04382588714361191,-0.6922370195388794,-0.7203380465507507,0.0,-0.9974369406700134,0.010494399815797806,-0.07076980173587799,0.0,-1.9365999698638917,26.90934181213379,99.58622741699219,1.0]}},{"@class":"BoneInfo","index":36,"offset":{"values":[0.0967208668589592,0.6701454520225525,-0.7359007000923157,0.0,-0.01133808959275484,-0.7385774254798889,-0.6740731596946716,0.0,-0.995246946811676,0.07354065775871277,-0.0638376772403717,0.0,4.236660003662109,32.58757400512695,98.03990936279297,1.0]}},{"@class":"BoneInfo","index":37,"offset":{"values":[0.18191538751125337,0.6144533157348633,-0.7676937580108643,0.0,-0.13026416301727296,-0.7587807178497315,-0.6381872296333313,0.0,-0.9746478796005249,0.21609902381896974,-0.05799262970685959,0.0,14.290496826171875,35.06852340698242,94.98348236083985,1.0]}},{"@class":"BoneInfo","index":38,"offset":{"values":[0.06776838004589081,0.5802602767944336,-0.8116065859794617,0.0,0.028476450592279435,-0.8142707347869873,-0.5797865390777588,0.0,-0.9972949624061585,0.016179529950022699,-0.07170549035072327,0.0,-4.6578688621521,43.491024017333987,92.28101348876953,1.0]}},{"@class":"BoneInfo","index":39,"offset":{"values":[0.5257180333137512,-0.12715108692646027,-0.8411028981208801,0.0,-0.6521145701408386,-0.6951520442962647,-0.3025066554546356,0.0,-0.5462302565574646,0.7075279355049133,-0.44837135076522829,0.0,47.55817794799805,59.186527252197269,68.34491729736328,1.0]}},{"@class":"BoneInfo","index":40,"offset":{"values":[0.18191517889499665,0.6809036731719971,-0.7094205021858215,0.0,-0.13026386499404908,-0.698412299156189,-0.7037414312362671,0.0,-0.9746479392051697,0.2204330414533615,-0.03835465759038925,0.0,14.296504020690918,23.47889518737793,97.48545837402344,1.0]}},{"@class":"BoneInfo","index":41,"offset":{"values":[0.096720851957798,0.5767354369163513,-0.8111851215362549,0.0,-0.011338000185787678,-0.814314603805542,-0.5803127288818359,0.0,-0.995246946811676,0.0653255432844162,-0.07222221791744232,0.0,4.243937969207764,41.01420974731445,93.78648376464844,1.0]}},{"@class":"BoneInfo","index":42,"offset":{"values":[0.09672077745199204,0.6281949877738953,-0.7720211744308472,0.0,-0.011338009499013424,-0.7749119997024536,-0.6319677829742432,0.0,-0.995246946811676,0.06987760215997696,-0.06782761961221695,0.0,4.239167213439941,31.99321746826172,96.06681823730469,1.0]}},{"@class":"BoneInfo","index":43,"offset":{"values":[0.05654896795749664,0.5816377401351929,-0.8114799857139587,0.0,0.043825868517160419,-0.813443124294281,-0.5799909830093384,0.0,-0.9974369406700134,-0.002765930024906993,-0.07149019837379456,0.0,-1.9542649984359742,41.74862289428711,93.48075103759766,1.0]}},{"@class":"BoneInfo","index":44,"offset":{"values":[0.05654895678162575,0.6176608800888062,-0.7844091653823853,0.0,0.04382583871483803,-0.7864440679550171,-0.6161047220230103,0.0,-0.9974369406700134,0.00046268998994491994,-0.07154219597578049,0.0,-1.9507579803466797,34.4892463684082,95.13386535644531,1.0]}},{"@class":"BoneInfo","index":45,"offset":{"values":[0.0677684023976326,0.6746780872344971,-0.7349945902824402,0.0,0.02847634069621563,-0.7376959323883057,-0.6745323538780212,0.0,-0.9972949624061585,0.024782009422779084,-0.06920482218265534,0.0,-4.6630859375,29.583101272583009,96.59696960449219,1.0]}},{"@class":"BoneInfo","index":46,"offset":{"values":[-0.9983519315719605,-0.055880896747112277,0.013030700385570526,0.0,0.012316320091485978,0.013109399937093258,0.9998379945755005,0.0,-0.05604267865419388,0.998350977897644,-0.01239955984055996,0.0,-15.252760887145996,-17.456649780273439,-0.9035570025444031,1.0]}},{"@class":"BoneInfo","index":47,"offset":{"values":[-0.9979409575462341,-0.0637986958026886,0.006544189993292093,0.0,0.063743956387043,-0.997931957244873,-0.008255570195615292,0.0,0.007057350128889084,-0.007821419276297093,0.9999449849128723,0.0,-16.302494049072267,48.56222915649414,-1.0892289876937867,1.0]}},{"@class":"BoneInfo","index":48,"offset":{"values":[-0.9979589581489563,-0.04603420943021774,0.04426451027393341,0.0,0.06377391517162323,-0.7549691796302795,0.6526521444320679,0.0,0.003374009858816862,0.6541427373886108,0.7563638091087341,0.0,-16.298368453979493,12.681069374084473,-12.671663284301758,1.0]}},{"@class":"BoneInfo","index":49,"offset":{"values":[-0.9979609251022339,0.04574069753289223,-0.044519200921058658,0.0,-0.06374498456716538,-0.7500330209732056,0.6583210825920105,0.0,-0.003278810065239668,0.6598159670829773,0.7514199614524841,0.0,16.29768180847168,12.630736351013184,-12.715553283691407,1.0]}},{"@class":"BoneInfo","index":50,"offset":{"values":[-0.9979509711265564,0.06379539519548416,-0.004925999790430069,0.0,-0.06369087845087052,-0.9977869987487793,-0.019067900255322458,0.0,-0.006131549831479788,-0.018715079873800279,0.9998059868812561,0.0,16.300142288208009,48.57731246948242,-0.839389979839325,1.0]}},{"@class":"BoneInfo","index":51,"offset":{"values":[-0.9983799457550049,0.05547209456562996,-0.012646500021219254,0.0,-0.011950910091400147,0.01285330019891262,0.9998459219932556,0.0,0.05562606826424599,0.9983779788017273,-0.012169529683887959,0.0,15.250921249389649,-17.61495018005371,-0.9091160297393799,1.0]}}]}