{"@class":"BaseSkinController","id":{"uuid":"A3603D14-B61A-43C6-968F-046B8CF47490"},"boneInfoCollection":[{"@class":"BoneInfo","index":0,"offset":{"values":[0.9541109204292297,-0.2940424978733063,0.05666801705956459,0.0,-0.07392109930515289,-0.04788827896118164,0.9961137175559998,0.0,-0.2901860773563385,-0.9545920491218567,-0.06742668896913529,0.0,0.1444634348154068,0.01851971633732319,0.010026775300502777,1.0]}},{"@class":"BoneInfo","index":1,"offset":{"values":[0.8576357960700989,-0.5136811137199402,0.024342671036720277,0.0,-0.03303784132003784,-0.007798314094543457,0.9994236826896668,0.0,-0.513195276260376,-0.8579457402229309,-0.02365899085998535,0.0,-0.023075811564922334,-0.02050025947391987,-0.000575249723624438,1.0]}},{"@class":"BoneInfo","index":2,"offset":{"values":[0.8495374917984009,-0.518175482749939,0.09889379143714905,0.0,-0.09242557734251023,0.03836226090788841,0.9949802756309509,0.0,-0.5193681716918945,-0.8544135093688965,-0.015302537940442562,0.0,-0.14652244746685029,-0.03487808629870415,-0.014187289401888848,1.0]}},{"@class":"BoneInfo","index":3,"offset":{"values":[0.8567495942115784,-0.5157254338264465,-0.0027073619421571495,0.0,0.022761626169085504,0.03256719931960106,0.9992104172706604,0.0,-0.5152300000190735,-0.8561347126960754,0.03964066132903099,0.0,0.08106175065040589,-0.038094986230134967,0.001023346558213234,1.0]}},{"@class":"BoneInfo","index":4,"offset":{"values":[0.8484826683998108,-0.5202809572219849,-0.09687358140945435,0.0,0.08665282279253006,-0.043998584151268008,0.9952663779258728,0.0,-0.5220806002616882,-0.8528609275817871,0.007751702331006527,0.0,-0.051870688796043399,0.04345105215907097,0.0038992315530776979,1.0]}},{"@class":"BoneInfo","index":5,"offset":{"values":[0.8539960980415344,-0.5120295286178589,-0.09228362888097763,0.0,0.0824880376458168,-0.04187941178679466,0.9957117438316345,0.0,-0.5136986374855042,-0.8579463362693787,0.006471454631537199,0.0,-0.08567782491445542,-0.007801761385053396,0.0051777842454612259,1.0]}},{"@class":"BoneInfo","index":6,"offset":{"values":[0.8572199940681458,-0.5146748423576355,0.01683872751891613,0.0,-0.040405552834272388,-0.03462695702910423,0.9985831379890442,0.0,-0.5133625864982605,-0.8566858172416687,-0.05047857016324997,0.0,-0.1568194031715393,0.030058881267905237,-0.00647899741306901,1.0]}},{"@class":"BoneInfo","index":7,"offset":{"values":[0.6086509823799133,0.7612836360931397,-0.22358781099319459,0.0,0.15281666815280915,0.16404415667057038,0.9745444059371948,0.0,0.7785828113555908,-0.6273252964019775,-0.016491174697875978,0.0,0.15831805765628816,0.061221297830343249,-0.031953949481248859,1.0]}},{"@class":"BoneInfo","index":8,"offset":{"values":[0.8532589077949524,-0.5158913135528565,-0.07619345188140869,0.0,0.07684863358736038,-0.020122168585658075,0.996839702129364,0.0,-0.5157940983772278,-0.8564177751541138,0.02247607707977295,0.0,0.07180389016866684,0.042972154915332797,-0.008479739539325238,1.0]}},{"@class":"BoneInfo","index":9,"offset":{"values":[0.8570092916488648,-0.5145708918571472,-0.027418090030550958,0.0,0.04348036274313927,0.01919257454574108,0.9988699555397034,0.0,-0.5134631395339966,-0.8572331070899963,0.038821931928396228,0.0,0.006968241650611162,-0.07771241664886475,0.00021317324717529118,1.0]}},{"@class":"BoneInfo","index":10,"offset":{"values":[0.8572227358818054,-0.5135064125061035,-0.0384751558303833,0.0,0.03989258036017418,-0.00826954748481512,0.9991698265075684,0.0,-0.5133982300758362,-0.8580459356307983,0.01339626219123602,0.0,0.03495689854025841,-0.006490139756351709,-0.0018567274091765285,1.0]}},{"@class":"BoneInfo","index":11,"offset":{"values":[0.8533438444137573,-0.5154843926429749,0.07797414809465409,0.0,-0.06779708713293076,0.038570161908864978,0.9969532489776611,0.0,-0.51692134141922,-0.8560304641723633,-0.0020346639212220909,0.0,0.007351522799581289,0.05822081118822098,0.0000018960935221912223,1.0]}},{"@class":"BoneInfo","index":12,"offset":{"values":[0.8518088459968567,-0.5179120898246765,0.07866709679365158,0.0,-0.05987146496772766,0.05293649435043335,0.9968014359474182,0.0,-0.5204199552536011,-0.853794276714325,0.014083623886108399,0.0,-0.10267337411642075,0.08254480361938477,-0.008590929210186005,1.0]}},{"@class":"BoneInfo","index":13,"offset":{"values":[0.8563691973686218,-0.5163065195083618,0.007706671953201294,0.0,-0.019186152145266534,-0.016901372000575067,0.9996730089187622,0.0,-0.5160074234008789,-0.8562371134757996,-0.024379730224609376,0.0,-0.0345148928463459,0.11338946968317032,0.003882999997586012,1.0]}},{"@class":"BoneInfo","index":14,"offset":{"values":[0.8575879335403442,-0.5130946040153503,0.035729553550481799,0.0,-0.07284431159496308,-0.0523979552090168,0.9959658980369568,0.0,-0.5091525912284851,-0.8567311763763428,-0.08231186121702194,0.0,0.12623490393161775,0.06977498531341553,0.011028057895600796,1.0]}},{"@class":"BoneInfo","index":15,"offset":{"values":[0.8538316488265991,-0.5154969096183777,-0.07234634459018707,0.0,0.08782801777124405,0.00567358685657382,0.996119499206543,0.0,-0.5130860805511475,-0.8568724393844605,0.050119392573833469,0.0,-0.043421681970357898,0.17201173305511475,0.001757937134243548,1.0]}},{"@class":"BoneInfo","index":16,"offset":{"values":[0.8418987989425659,0.5262631773948669,0.11938898265361786,0.0,-0.06900467723608017,-0.11443568766117096,0.9910313487052918,0.0,0.5352055430412293,-0.8425864577293396,-0.0600285604596138,0.0,0.1307200938463211,0.06135537847876549,0.017085593193769456,1.0]}},{"@class":"BoneInfo","index":17,"offset":{"values":[0.10564553737640381,-0.9923967123031616,0.06314831972122193,0.0,-0.22343719005584718,0.03818977251648903,0.9739700555801392,0.0,-0.9689761996269226,-0.11700522899627686,-0.21770381927490235,0.0,-0.10376226156949997,-0.10415904968976975,-0.017611082643270494,1.0]}},{"@class":"BoneInfo","index":18,"offset":{"values":[0.7593657374382019,-0.6347412467002869,-0.14306311309337617,0.0,0.1273641735315323,-0.07061456888914108,0.9893391132354736,0.0,-0.638076663017273,-0.7694913744926453,0.027221020311117173,0.0,-0.09845796227455139,-0.06032562255859375,0.00728629669174552,1.0]}},{"@class":"BoneInfo","index":19,"offset":{"values":[0.8572914004325867,-0.5141796469688416,0.025894369930028917,0.0,-0.01271766610443592,0.029130879789590837,0.9994948506355286,0.0,-0.5146740674972534,-0.8571875095367432,0.018434520810842515,0.0,0.049814723432064059,0.11399336904287338,-0.0018355640349909664,1.0]}}]}