{"@class":"BaseSkinController","id":{"uuid":"AF4E1FDE-429E-4D04-AFF4-9657A20AEAEE"},"boneInfoCollection":[{"@class":"BoneInfo","index":0,"offset":{"values":[1.0,0.0,0.0,0.0,0.0,0.9832289814949036,0.18237699568271638,0.0,0.0,-0.18237699568271638,0.9832289814949036,0.0,0.0,-156.30462646484376,-33.22334289550781,1.0]}},{"@class":"BoneInfo","index":1,"offset":{"values":[1.0,0.0,0.0,0.0,0.0,0.9832289814949036,0.18237699568271638,0.0,0.0,-0.18237699568271638,0.9832289814949036,0.0,0.0,-141.29396057128907,-33.22334289550781,1.0]}},{"@class":"BoneInfo","index":2,"offset":{"values":[1.0,0.0,0.0,0.0,0.0,1.0,0.0,0.0,0.0,-0.0,1.0,0.0,0.0,-176.34616088867188,-1.079934000968933,1.0]}},{"@class":"BoneInfo","index":3,"offset":{"values":[-0.05896399915218353,0.9575769901275635,-0.2820810079574585,0.0,-0.18180200457572938,-0.2881470024585724,-0.9401699900627136,0.0,-0.9815660119056702,-0.004153000190854073,0.1910800039768219,0.0,33.12453079223633,42.92941665649414,165.6123504638672,1.0]}},{"@class":"BoneInfo","index":4,"offset":{"values":[1.0,0.0,0.0,0.0,0.0,0.9832289814949036,0.18237699568271638,0.0,0.0,-0.18237699568271638,0.9832289814949036,0.0,0.0,-128.1596221923828,-33.22333526611328,1.0]}},{"@class":"BoneInfo","index":5,"offset":{"values":[1.0,0.0,0.0,0.0,0.0,1.0,0.0,0.0,0.0,-0.0,1.0,0.0,0.0,-121.00018310546875,-11.34595012664795,1.0]}},{"@class":"BoneInfo","index":6,"offset":{"values":[0.024253999814391137,0.44446200132369997,-0.8954690098762512,0.0,0.09494499862194061,-0.8927090167999268,-0.4405190050601959,0.0,-0.995186984539032,-0.07433599978685379,-0.063850998878479,0.0,-15.670999526977539,141.31072998046876,95.10028076171875,1.0]}},{"@class":"BoneInfo","index":7,"offset":{"values":[1.0,0.0,0.0,0.0,0.0,1.0,0.0,0.0,0.0,-0.0,1.0,0.0,0.0,-183.63999938964845,-3.994202136993408,1.0]}},{"@class":"BoneInfo","index":8,"offset":{"values":[-0.9993849992752075,0.0350629985332489,0.0,0.0,-0.034988000988960269,-0.9972519874572754,-0.06530000269412995,0.0,-0.0022899999748915436,-0.06526000052690506,0.9978659749031067,0.0,14.675122261047364,114.98409271240235,-5.125049114227295,1.0]}},{"@class":"BoneInfo","index":9,"offset":{"values":[-0.9993849992752075,-0.03505999967455864,0.0,0.0,0.03498300164937973,-0.9971839785575867,-0.06633500009775162,0.0,0.002326000016182661,-0.06629399955272675,0.9977970123291016,0.0,-14.67552375793457,115.00340270996094,-5.216330051422119,1.0]}},{"@class":"BoneInfo","index":10,"offset":{"values":[-0.9972209930419922,0.07437600195407868,0.004410000052303076,0.0,-0.07434699684381485,-0.9894829988479614,-0.12408299744129181,0.0,-0.004865000024437904,-0.12406600266695023,0.9922620058059692,0.0,17.1070499420166,61.433326721191409,-1.4915590286254883,1.0]}},{"@class":"BoneInfo","index":11,"offset":{"values":[-0.9969059824943543,0.01859699934720993,-0.07637599855661392,0.0,-0.07059899717569351,-0.6390799880027771,0.7658929824829102,0.0,-0.034568000584840778,0.7689149975776672,0.6384149789810181,0.0,17.14403533935547,7.447727203369141,-13.476747512817383,1.0]}},{"@class":"BoneInfo","index":12,"offset":{"values":[-0.9998229742050171,0.01242200005799532,-0.014132999815046788,0.0,-0.014088000170886517,0.003656999906525016,0.9998940229415894,0.0,0.0124719999730587,0.9999160170555115,-0.0034809999633580448,0.0,16.10660743713379,-22.67694664001465,-0.18707600235939027,1.0]}},{"@class":"BoneInfo","index":13,"offset":{"values":[-0.05046899989247322,-0.9575769901275635,0.28372299671173098,0.0,0.18187500536441804,-0.2881470024585724,-0.9401559829711914,0.0,0.9820259809494019,0.004153000190854073,0.18870200216770173,0.0,-33.138145446777347,42.920345306396487,165.61244201660157,1.0]}},{"@class":"BoneInfo","index":14,"offset":{"values":[0.03683299943804741,-0.44424399733543398,0.895147979259491,0.0,-0.108085997402668,-0.8922719955444336,-0.4383690059185028,0.0,0.9934589862823486,-0.08060599863529206,-0.0808819979429245,0.0,17.990198135375978,141.2637481689453,94.76117706298828,1.0]}},{"@class":"BoneInfo","index":15,"offset":{"values":[-0.9972249865531921,-0.07427500188350678,-0.0051020001992583279,0.0,0.07428599894046784,-0.9881430268287659,-0.13437099754810334,0.0,0.0049390001222491268,-0.13437700271606446,0.990917980670929,0.0,-17.10475730895996,61.4673957824707,-1.0061869621276856,1.0]}},{"@class":"BoneInfo","index":16,"offset":{"values":[-0.9969469904899597,-0.018463000655174257,0.07586299628019333,0.0,0.07032400369644165,-0.6344699859619141,0.7697420120239258,0.0,0.033920999616384509,0.7727270126342773,0.6338310241699219,0.0,-17.12687110900879,7.614302158355713,-13.324442863464356,1.0]}},{"@class":"BoneInfo","index":17,"offset":{"values":[-0.9998260140419006,-0.012463999912142754,0.013899000361561776,0.0,0.01385399978607893,0.0036639999598264696,0.9998970031738281,0.0,-0.012512999586760998,0.9999160170555115,-0.003490000031888485,0.0,-16.106786727905275,-22.58367919921875,-0.19096499681472779,1.0]}},{"@class":"BoneInfo","index":18,"offset":{"values":[0.11396600306034088,-0.4311619997024536,0.8950480222702026,0.0,0.04964200034737587,-0.8973209857940674,-0.4385780096054077,0.0,0.9922440052032471,0.09441500157117844,-0.08085999637842179,0.0,-0.3660750091075897,104.89656066894531,94.78556060791016,1.0]}},{"@class":"BoneInfo","index":19,"offset":{"values":[0.000018000000636675396,-0.46646401286125185,0.8845400214195252,0.0,-0.04250200092792511,-0.883741021156311,-0.46604201197624209,0.0,0.9990959763526917,-0.03758599981665611,-0.01984100043773651,0.0,3.8650619983673097,73.15415954589844,97.21508026123047,1.0]}},{"@class":"BoneInfo","index":20,"offset":{"values":[0.3658420145511627,-0.01630299910902977,0.9305340051651001,0.0,0.6667180061340332,-0.693011999130249,-0.27426400780677798,0.0,0.6493430137634277,0.7207409739494324,-0.24266299605369569,0.0,-54.72672653198242,68.18366241455078,78.66407775878906,1.0]}},{"@class":"BoneInfo","index":21,"offset":{"values":[0.057162001729011539,-0.3845579922199249,0.9213290214538574,0.0,0.06608200073242188,-0.9193570017814636,-0.38783401250839236,0.0,0.99617600440979,0.08305300027132034,-0.027140000835061075,0.0,-7.128666877746582,67.61592864990235,91.92327117919922,1.0]}},{"@class":"BoneInfo","index":22,"offset":{"values":[0.3658420145511627,0.033587999641895297,0.9300709962844849,0.0,0.6667180061340332,-0.7067139744758606,-0.23673200607299806,0.0,0.6493420004844666,0.7067019939422607,-0.2809390127658844,0.0,-54.52867889404297,66.95184326171875,75.18412780761719,1.0]}},{"@class":"BoneInfo","index":23,"offset":{"values":[-0.01504599954932928,-0.2821179926395416,0.9592620134353638,0.0,-0.0710190013051033,-0.9566460251808167,-0.2824620008468628,0.0,0.9973620176315308,-0.07237599790096283,-0.0056420001201331619,0.0,9.446649551391602,77.37239837646485,83.99301147460938,1.0]}},{"@class":"BoneInfo","index":24,"offset":{"values":[0.3658420145511627,0.0019710001070052387,0.9306750297546387,0.0,0.6667180061340332,-0.6982640027999878,-0.26060399413108828,0.0,0.6493430137634277,0.7158380150794983,-0.25676798820495608,0.0,-54.72443771362305,58.82088851928711,77.2270736694336,1.0]}},{"@class":"BoneInfo","index":25,"offset":{"values":[0.057162001729011539,-0.37387099862098696,0.9257169961929321,0.0,0.06608200073242188,-0.923783004283905,-0.37716999650001528,0.0,0.99617600440979,0.08273299783468247,-0.028099000453948976,0.0,-7.130817890167236,62.491172790527347,91.20630645751953,1.0]}},{"@class":"BoneInfo","index":26,"offset":{"values":[-0.01504599954932928,-0.40369001030921938,0.9147729873657227,0.0,-0.0710190013051033,-0.9121339917182922,-0.4036940038204193,0.0,0.9973610043525696,-0.07103999704122544,-0.014945000410079956,0.0,9.428962707519532,60.46205139160156,92.58070373535156,1.0]}},{"@class":"BoneInfo","index":27,"offset":{"values":[-0.01504599954932928,-0.5539780259132385,0.8323959708213806,0.0,-0.0710190013051033,-0.8297939896583557,-0.5535320043563843,0.0,0.9973610043525696,-0.06744399666786194,-0.026858000084757806,0.0,9.4280424118042,38.47892761230469,100.63008117675781,1.0]}},{"@class":"BoneInfo","index":28,"offset":{"values":[0.057162001729011539,-0.42439499497413638,0.9036710262298584,0.0,0.06608200073242188,-0.9015570282936096,-0.4275830090045929,0.0,0.99617600440979,0.08415800333023071,-0.023490000516176225,0.0,-7.135587215423584,51.467369079589847,94.19058227539063,1.0]}},{"@class":"BoneInfo","index":29,"offset":{"values":[0.019450999796390535,0.465380996465683,-0.8848959803581238,0.0,0.06809499859809876,-0.8836249709129334,-0.46321600675582888,0.0,-0.9974889755249023,-0.051245998591184619,-0.04887799918651581,0.0,-7.592864036560059,73.21392059326172,96.95099639892578,1.0]}},{"@class":"BoneInfo","index":30,"offset":{"values":[0.09977000206708908,0.4310790002346039,-0.8967810273170471,0.0,-0.05883900076150894,-0.8971449732780457,-0.43779999017715456,0.0,-0.9932690262794495,0.0964450016617775,-0.06414400041103363,0.0,2.215235948562622,104.8757553100586,94.7825698852539,1.0]}},{"@class":"BoneInfo","index":31,"offset":{"values":[0.38436800241470339,0.01935099996626377,-0.9229769706726074,0.0,-0.6669120192527771,-0.6854959726333618,-0.29210299253463747,0.0,-0.6383489966392517,0.7278199791908264,-0.25057700276374819,0.0,53.672760009765628,67.57658386230469,80.26813507080078,1.0]}},{"@class":"BoneInfo","index":32,"offset":{"values":[0.38436800241470339,-0.048826999962329867,-0.921887993812561,0.0,-0.6669120192527771,-0.7051860094070435,-0.24071000516414643,0.0,-0.6383489966392517,0.7073389887809753,-0.3036139905452728,0.0,53.33924102783203,68.33915710449219,75.42971801757813,1.0]}},{"@class":"BoneInfo","index":33,"offset":{"values":[0.38436800241470339,0.008775999769568444,-0.9231380224227905,0.0,-0.6669120192527771,-0.6887969970703125,-0.2842310070991516,0.0,-0.6383489966392517,0.724901020526886,-0.258897989988327,0.0,53.62226486206055,57.67273712158203,79.18153381347656,1.0]}},{"@class":"BoneInfo","index":34,"offset":{"values":[0.02763799950480461,0.2594990134239197,-0.9653480052947998,0.0,0.05253500118851662,-0.9647589921951294,-0.2578369975090027,0.0,-0.9982370138168335,-0.043588001281023028,-0.04029599949717522,0.0,-10.265108108520508,79.61466217041016,81.95013427734375,1.0]}},{"@class":"BoneInfo","index":35,"offset":{"values":[0.0991239994764328,0.4033200144767761,-0.9096739888191223,0.0,-0.08474300056695938,-0.9074339866638184,-0.4115610122680664,0.0,-0.9914600253105164,0.11788400262594223,-0.05576999858021736,0.0,6.392899036407471,64.68892669677735,93.5155029296875,1.0]}},{"@class":"BoneInfo","index":36,"offset":{"values":[0.0991239994764328,0.37955600023269656,-0.9198430180549622,0.0,-0.0847420021891594,-0.9178169965744019,-0.3878529965877533,0.0,-0.9914600253105164,0.1163949966430664,-0.05881299823522568,0.0,6.384148120880127,61.06516647338867,91.96045684814453,1.0]}},{"@class":"BoneInfo","index":37,"offset":{"values":[0.0991239994764328,0.36403998732566836,-0.9260929822921753,0.0,-0.08474300056695938,-0.9242079854011536,-0.3723689913749695,0.0,-0.9914600253105164,0.11539100110530853,-0.06076100096106529,0.0,6.386002063751221,56.97809982299805,91.01545715332031,1.0]}},{"@class":"BoneInfo","index":38,"offset":{"values":[0.02763799950480461,0.41502898931503298,-0.9093890190124512,0.0,0.05253500118851662,-0.9090819954872131,-0.4132919907569885,0.0,-0.9982370138168335,-0.0363520011305809,-0.04692799970507622,0.0,-10.219756126403809,59.445167541503909,93.01756286621094,1.0]}},{"@class":"BoneInfo","index":39,"offset":{"values":[0.02763799950480461,0.5642549991607666,-0.8251370191574097,0.0,0.05253500118851662,-0.8251320123672485,-0.5624920129776001,0.0,-0.9982370138168335,-0.027803000062704088,-0.05244800075888634,0.0,-10.224326133728028,37.50271987915039,100.90589904785156,1.0]}}]}